linkid  直行	左转	右转
1685472	3215090		
-3215090	-1685472		
3215090	3221746		3221747
-1685472	-1684594	1686002	-3221607
-3214227	-3221686	-2214217	
2214217		-3221686	3214227
-2214217			2214374
3214227		2221588	-3221571
-3214057	-2210030		
2210030	3214057		
-2210030			2209977
3214057			-2210775
1578642			
-1578878			
1578878	3221578	-3221637	-3221638
1578861			
1578570	1580422		
1580422	1581166		
1580872	1578642		1578897
1578897	1578861		
3220444	1578891	3220446	3220449
3220445	1578861		
3220449			-3221591
3221591	3221592		
-3221592	-3221591		
-3221591	-3221578	-3221593	-3221639
3221592	-1580399		3220442
1580399	-3221592	3220442	
1578891	3220442	-1580399	
-1580399	-1580833	1579303	
3220442	1580416		
1580833	1580399		1579303
1580827	1579303	1580399	
-1580833	-1580854		
1579303	3220445		
1580898	1581166		
1581166	1963004		
1580892	1580827	3220443	1580839
1580839			-1580854
3220443	1580416		
1580854	1580833		
-1580854	1683750	-3221640	-3221641
-1683750	1580854	-3221641	-3221640
1683750	3221634		3221635
1580416	1581118	1580898	
1581118	3220440	-1581149	-1581128
1962844	1580872		1581037
1581037	1580892		
3220437	1580892		
1962820	1581043	1581149	1581089
-1581089	1581149		
-1581149	1581089	1581043	
1581089	3220654		
1581043	3220437		
1581149	-1581128	3220440	
3220654	1684354		
-1684354	-3220654		
1684354	3221579		
-3220654	-1581089		3220438
1581128	-1581149		
-1581128	-3221577		1580375
3220440	1581134		
1581134	1962992	1962834	
1962834	1963004		
1962992	1963724		
1963004	2209983		1963702
-1663967			
1663967		1664055	-1681431
1681431	1664055	-1663967	
-1664055	-1681431		-1663967
1664055			
-1681431	-3221605	1681461	-1681944
-1664155			
1664155	3221611		3221613
-1673462	-3221611	-3221612	
-1673451	-3221612	1673462	-3221611
1673462	3221614		
1673451	3221615		
-1680443			
1680443	1680584	1680562	-1680591
-1680584	-1680443	-1680591	1680562
-1680562	-1680591	1680584	-1680443
1680591	1680562	-1680443	1680584
1680584	1685029	-3221608	-1683625
1680562	1682081		
-1680591	-1683584	1683590	-3221603
-1682081	-1680562		
1682081	3221779		
-1680609			
1680609	-3220103	1681944	-1681409
-1682091	-3221782	-3221777	1682068
-1682068	-3221777	1682091	-3221782
3221604	3221782		3221775
1682091	-3221754		
1682068	1681409		
-3221604			
-1681409	-1682068		
1681409	1681944	-1680609	-3220103
3220103	-1680609	-1681409	1681944
-1681944	-1681409	-3220103	-1680609
-3220103	-1682029		
1681944	1681461	1681431	-3221605
-1681461	-1681944	-3221605	1681431
3221605	1681431	-1681944	1681461
-3221605			
1681461	3220102		
1682415	3221708		3221707
-1682155	-1682300	-3221708	1682029
-1682029	-3221708	1682155	-1682300
1682300	1682155	1682029	-3221708
-1682415	-1685349	1685231	-1685204
1682155	1686247		1686374
1682029	3220103		
-1682300	-3221737		
1685041	3221754		
-1685041	-3221752	1685055	
-1686374		-1682155	1686247
-1686247	-1682155	1686374	
1686247		-1686234	1686299
1686374	-3221709	1686407	
1685103	3221737		
-1685103	-3221738	1685162	
1685349	1682415	-1685204	1685231
-1685231	-1685204	-1685349	1682415
1685204	1685231	1682415	-1685349
1685231	3221590		
-1685204	-3221728		
-1685349			-3221718
-1683082			
1683082		1683665	-1683135
1683135	1683665	-1683082	
-1683665	-1683135		-1683082
1683665	1683584	-3221602	1684588
-1683135	-3221580		
-1683590	-3221603	-1683584	1680591
3221603	1683590	1680591	-1683584
1683584	1680591	-3221603	1683590
1683590	1683625		
-3221603			
-1683584	-1683665	1684588	-3221602
-1683625	-1683590		
1683625	-3221608	-1680584	1685029
-1684588	-3221602	-1683665	1683584
3221602	1684588	1683584	-1683665
1684588	3219961		
-3221602			
-1685029	-1680584	-1683625	-3221608
3221608	-1683625	1685029	-1680584
1685029	3221756		3221758
-3221608			
-1684513	-3221634	-3221579	3221580
3221579	3221580	-3221634	1684513
1684513	3221586		
-3221579	-1684354		
3221580	1683135		
-3221580	-3221579	1684513	-3221634
-1684538	-3221586		
3221586	1684538		
-3221586	-1684513		
1684538	2209307		-2208391
-1684594	-3219961	-3221606	1685409
-4907015	1684594	-3219961	
3219961	1684594	1685409	-3221606
3221606	1685409	-3219961	1684594
1684594	1685472	-3221607	1686002
1685409	3221760		3221765
-3219961	-1684588		
-3221606			
-1686002	-3221607	-1684594	1685472
3221607	1686002	1685472	-1684594
-3221607			
1686002	-3221609	1686042	-2212327
1685120	3221759		
-1685055	-3221756	-3221752	
1685055	3221751		
-1685120	1685432	1685138	
-1685097	-3221751		
1685097	3221740		3221741
-1685162	-3221740	-3221738	
1685138	3221762		
1685162	3221735		
-1685138	-3221760	1685432	
-1685432	1685120	-3221760	
1685432	3221761		
-1686053	-3221729	-3221732	
-1685264	-3221732	1686053	
1685169	3221732		3221734
1686053	3221730		
1685264	3221728		
-1685169	-3221745		
1685453	3221745		
-1685453	-3221746	1686022	
-1690223	-3221718		1685349
1686091	3221718		
1690223	3219814		
-1686091	-3221721	3221583	-3221720
-1686022	-3221749	-3221746	
1686022	3221743		
1686032	1686066	-3221660	-3221661
-1686066	-1686032	-3221661	-3221660
1686066	3221721		
-1686032	-1686042	2212424	-3221743
-1686042	-2212327	-3221609	-1686002
2212327	1686042	-1686002	-3221609
3221609	-1686002	-2212327	1686042
-3221609			
1686042	1686032	-3221743	2212424
-2212327	-2209911	-3221662	
-2212424	-3221743	-1686042	1686032
2212424	-3221568	-3221659	-3221674
-3221583	-3221720	-3221721	
3221583	3221717		
-1686234	-3221614		
1686234	1686299		-1686247
-1686299	-1686234	-1686247	
1686299	1686367		-1686407
-1686367	-1686299	-1686407	
1686407		-1686299	1686367
1686367	3221619		-3221620
-1686407		-3221709	-1686374
-1687663	-3221619	-3221618	-3221617
1687663	1687701		1687707
-1687701	-1687663	1687707	
-1687707		-1687663	1687701
1687701	3221622	-3221625	-3221621
1687707	3214113		
-3219816	-3214113	-3221722	
-1690844	-3221722	3219816	-3214113
3214113	3219816	1690844	-3221722
1690850	3221722		3221723
3219816	3221724		
1690844	3221726		
-3214113	-1687707		
-1690850	-1690365		-1690181
-1692862	-3221715	-3221711	1692849
-1692849	-3221711	1692862	-3221715
1692862	3221713		
1692849			
1692881	3221560	3221562	
-1689974	-3221590		1689923
-1689923		1689974	-3221590
3221590	1689974	1689923	
1689974	1690234		
1689923		-3221707	3221706
-3221590	-1685231		
1690264	-1689974		
1690234		1690365	-3219814
-1690181	-3221706		
1690181		1690850	-1690365
1690365	1690850	-1690181	
-1690365	-3219814		1690264
3219814	1690365	1690264	
-3219814	-1690223		
1694023	1692272		
1692272	3221552	3221554	
1692313	2226074	1692209	
1692209	2225261		
2226074	2225248	2225292	3221652
3221565	2225261		
2225261	3219215		2226026
3219646	3221644		
-1692290			3219640
3221550	3219640		1692290
1692290	-3221705	-3221704	3221702
3219640	3221553		
2226101	1692284		
1692284	3221550	3221555	
-1692900	-3221595	1692978	
3221594	1692978	1692900	
3221595	1692900		
1692900	3221559	3219208	
-3221595	-3221713		
1692978	3221556		
3221557	3219208	-1692900	
-3221559	-1692900		
3221559	3221599		
3219208	3221598		
3219211	1694023		3221650
3221599	3221627	-3221629	-3221628
-3221599	-3221559		3221600
1962244	-3221642	3221577	-1962758
1962758	3221577		-3221642
-1962758			
1962939	1962820		
1962956	1962820		
1963613	1962844		1962956
1963631	1962939		-3221678
1963724	2209970		
2209983	2211057		3218916
1963702	2209970		
2208575	1963613		
2210069	1963613		
-2208540			1963631
2208562	1963631		2208540
2208540			
2209970	3220219	3220221	3221665
-1965762			
1965762	3221668		3221670
-1965926			
1965926	1965932		1966299
-1966299		-1965926	1965932
-1965932	-1965926	1966299	
1966299	2215081		2215075
1965932	3221576		
2209977	2208562	2208575	
-2208391			
2208391		-1684538	2209307
-2209307	-1684538	-2208391	
2209307	2209936	2209911	-2209901
2209911	2212327		-3221662
-2209911	-2209901	2209936	-2209307
-2209936	-2209307	-2209901	2209911
2209901	2209911	-2209307	2209936
2209936	3221587		
-2209901	-2211111	2211529	
-2211529		-2211111	2209901
2211111	2209901		2211529
2211529	2211780		-2211897
-2211111	-2210784	2211570	
3220220	2209977		2210030
2211057	3220273		3220274
3218916	3220236		3220235
2210775	2210766		
-2210766	-2210775		-3214057
2210766	2210784	-3221672	-2210790
-2210775	2210093		
3220219	2210187	2210144	
2210173	3221666		3221667
2210126	2210163	2210187	
2210187	3220217		
2210144	2210107	2210087	
2210163	-2210809		
-2210809	-3221669	-3221671	-3221668
3221576	3221669		
2210809	2210173		
-3221576	-1965932		
3220650	2210069		
2211086	2210069		
2210107	2210775		
3221575	2210775		
2210093	2210126		2210087
3220216	2210087	2210126	
2210087	3220220		
2210790	-3221672	-2210766	2210784
-2210784	-2210766	-2210790	-3221672
-2210790			2210202
2210784	2211111		2211570
-2211570		-2210784	2211111
2211570	-3221685		2211646
2211002	3221663		-3221664
2210202	3220216	3220218	3221575
-2215103			2215773
3220385	2215773		2215103
2215773	3220276		3220275
2215103	-3221768	2215113	
3220292	2211002		
3221574	2211002		
2211810		3221664	-2211646
2211646	3221664	-2211810	
-2211646		-2211570	-3221685
-2211810			2211832
3220293	2211086		
2217155	2211086		
-2213323	-3221587	-2211780	
3221587	2213323		-2211780
2211780		-3221587	2213323
2213323	2213451	2213394	
-3221587	-2209936		
-2211780	-2211529	-2211897	
2211897		-2211529	2211780
-2211897			2211912
3218921	2211832		2211810
2211832	3221574		
3220244	2211912		2211897
2211912	3218921		
2217125	3221432		
2216703	3221432		
3221432	2214100		
2214226	3221674		3221675
3221568	-2212424	-3221674	-3221659
-3221568	-2213262		
-2214226	-2213394	3221677	-3221676
-2213451	-2213323		2213394
-2213394		2213451	-2213323
2213451	3221589		
2213394	2214226	-3221676	3221677
3221546	2213445	2214166	-3221677
2213445	2214094		
2214166	3218926		
2214094	2213499	2214130	
-2213505	-3221588	2213492	
2213499	2213492	2213505	-3221588
3221588	2213505		
2213505	2214210	2214154	
-3221588	-3221589		
2213492	2213548		
2214284	3218926		
3218926	3218927		3218924
2213519	2213548		
2213548	3219648		
2214130	2214192		
-2214210	-2213505		2214154
2213542	2214154	-2213505	2214210
2214210	3221571		
2214154	2214192		
3221570	2213542	2213519	
2220105	2213584		
2213584	3221570		
2214100	3221541		2214179
2214179	3219219		
3221541	2214274		3221540
2214192	2214374		2214217
2214374	3221687		-3221688
-2221588	-3221571		-3214227
3221571	2221588	-3214227	
2221588	2221610		-2221638
-3221571	-2214210		
3219215	3221538		
2226026	2225967		
-2214353			2226968
3221545	2226968		2214353
2226968	3221543		2227328
2214353		-3221696	3221695
2222129	-3221695		
-2222129		2221648	-2221610
-2222099	2215011		
-2215011	2222099		
2215011	-3221700		2228153
2222099		2222259	-2221648
-2215075		-1966299	2215081
-2215081	-1966299	2215075	
2215081	3221768		3221769
2215075			
-2215113		-3221768	-2215103
2215113			2215119
3220249	2215119		-2215113
2215119	3221773		3221772
2215894	3220284		2216684
3220243	3221443		
3220240	3221443		
3221443			
2215745	2215866		
2215866	3220282		-2215884
2215884			3220282
3220282	3221437	3220283	
-2215884			
2216684	3220232		3220230
3220284	3221440		3220285
2216562	2216716		
2216716	3220287		
2216635	2217378		
3220649	2217378		
2217378			
-2217178			2217271
2216658	2217271		2217178
2217271	3221573		
2217178			
3220287	3221572		
2220860	3220290		3220238
3220238	3220237	3220239	
3220290	2217155		3220291
2217303			2217316
3220280	2217316		-2217303
2217316			
-2217303			
2221464	2221638		
-2221638	-2221464		
2221638		-2221588	2221610
-2221464			
-2221610	-2221588	-2221638	
2221610	2221648	2222129	
-2221648	-2221610		2222129
2221648	2222259	-2222099	
-2222259	-2221648		-2222099
2222259	2222411		
-2222411	-2222259		
2222411			
-2225179	-3221717		
2225179	3221566		
2225292	3219214		
2225248	2225255	2225313	
-2225313	-3221653	2225255	
3221566	3221653		3221654
2225313	2228275	2226013	
-3221566	-2225179		
2225255	2225979		
2225985		2225979	
2225979	3219806		
2226013	3219214		
3219214	2226101		
-2228275	-2225313		
2226007	2226013	-2225313	
2228275	3221655		
2225967	2225934		-3221673
2225934		3221533	3221534
3221549	3219639		
2214274	3219639		
3219639	3219207		
2225944	3219642		3221698
3219642	2226020		
-2227328			3221543
2227328	3221767	-3221697	3221700
3221543	3221548		
3219806	2225967		
2226020	2226007	2225985	3221657
-2228153		-2215011	-3221700
2228153	2233832		
-2233832	-2228153		
2233832			
-2229041	-3221585		
3221585	2229041		
-3221585	-3221655		
2229041			
-2229529	-3221701		
2229529			
3218919	2220105		
3220289	2220105		
3218924		3220234	3218925
3220234	3220233		
3218925	3220231		
3218927	3220241		3220388
3219210	3219637		3219212
3219207	3221684		3221682
3221561	3221683		
3219637	3219645		
3219212	3219211		
3221601	3219211		
3221540	2226101		
3221538	2214284		
3219219	3221692		-3221693
3221556	3219636	3219638	
3221596	3219636		
3219638	3219645		
3219636	3221648		3221649
3219645	1692996		3219647
3219641	3219207		
3221553	1693074	3219641	
1693074	3221557	3221558	3221630
1692996	3221565		
3219647	3219646		
3221551		3219646	3221710
3219648	3220244	3220246	
3220241	3219651		
3219651	3219654		
3220390	3219654		
3219654	3220243		
-3220102	-1681461		
3220102	3221612		
3220294	3220296		3218919
3220218		3220217	
3220217	3220385		
3220221	3220220		
3221440	2216562		
3220230	3220233		
3220232	3220231		
3220231	3220650		
3220233	3220649		
3220236	3221433		
3220235	3220240		
3220237	2217125		
3221433	2217125		
3220239	3220240		
3220388	3220389		
3220246	3220389		
3220389	3220390		3220248
3220248	3221434		
3221434	3220249		
3220651	3220249		
3220273	2216635		
3220274	3220386		
3220279	2216635		
3220276	3220277		
3220275	3220651	3220653	
3220386	3220277		
3220277	3220652		
3220652	3220281	3220279	
3220281	3220280		
3221573	3220280		
3221437	2216658		
3220283	3220286		
3220285	3220286		
3220286	3220289	3220288	
3220288	2216703		
3221572	2216703		
3220291	3220394		
3220394	3220292	3220293	
3220296	3220394		
3220438			3220437
3221577	1581128	1580375	3221610
-3221577	-1962758	-3221642	
3221610			1581134
3220446	3220445		
3220653	3220652		
3221526		3221527	
3221528	3221527	-3221526	
3221527	3221542		
-3221526	2213262	3221531	
3221544	3221528	3221529	
3221529	3221537		
3221531	3221537		
3221537	3221539		-3221675
3221534		3221530	3221532
3221532	3221531	3221526	2213262
3221530	3221542		
3221542	3221567		
-2213262	3221526		3221531
2213262	3221568		
3221533	3221535	3221536	
3221535	3221539		
3221536	2214284		
3221539	3221546		
3221567	3221548		
3221548	2225944	3221549	
3221569	3221545	3221544	
3221555	3221551		
3221552	3221551		
3221554	3221553		
3221558		3221556	
3221562	3221561		
3221560	3221594		3221597
3221598	3221561		
-3221578	-1578878	-3221638	-3221637
3221578	3221591	-3221639	-3221593
3221589	3221588		3221658
-3221589	-2213451		
3221593	-3221639	-3221578	3221591
-3221593	-1580375		
1580375	3221593		
-1580375			-3221577
3221597			-3221713
3221600	3221598		
3221611	1673462	1673451	
-3221611	-1664155		
-3221612	-3220102		
3221612	1673451	-3221611	1673462
3221613	-3220102		
-3221614	-1673462		3221616
3221614	1686234		
3221615			
-3221615	-1673451		
3221616			3221615
3221617	-3221618	1687663	-3221619
-3221617			
3221618	-3221617	-3221619	1687663
-3221618			
3221619	1687663	-3221617	-3221618
-3221619	-1686367	-3221620	
3221620		-1686367	3221619
-3221620			
3221621	-3221625	-1687701	3221622
-3221621		3221643	-3221726
3221622	3221624		
-3221622	-1687701	-3221621	
3221623	3221625		
-3221623			
-3221624	-3221622		3221626
3221624	3221715		3221714
3221625	-3221621	3221622	-1687701
-3221625	-3221623		
3221626			-3221623
-3221627	-3221599	-3221628	-3221629
3221627	3221631	-3221632	-3221633
3221628	-3221629	-3221599	3221627
-3221628			
3221629	-3221628	3221627	-3221599
-3221629			
3221630			3221599
3221631			
-3221631	-3221627	-3221633	-3221632
3221632	-3221633	3221631	-3221627
-3221632			
3221633	-3221632	-3221627	3221631
-3221633			
3221634	1684513	3221580	
-3221634	-1683750		
3221635			-1684354
3221637	-3221638	3221578	-1578878
-3221637			
3221638	-3221637	-1578878	3221578
-3221638			
3221639	-3221593	3221591	-3221578
-3221639			
3221640	-3221641	1683750	1580854
-3221640			
3221641	-3221640	1580854	1683750
-3221641			
3221642		-1962758	3221577
-3221642			
-3221643	-3221726		3221621
3221643	3221711		3221712
3221644	1692313		
3221645			1692313
3221646			
3221647	3221601		
3221648	3221601		
3221649			
3221650			
3221651	1692272		
3221652	-3221566		
3221653	2225313		
-3221653	-3221566		
3221654			2225979
3221655	3221585		
-3221655	-2228275		3221656
3221656	3219214		
3221657	3221655		
3221658			2213548
3221659	-3221674	-3221568	-2212424
-3221659			
3221660	-3221661	1686066	-1686032
-3221660			
3221661	-3221660	-1686032	1686066
-3221661			
3221662		-2209911	2212327
-3221662			
3221663	2210202		2210790
3221664			3221663
-3221664	-2211646		-2211810
3221665			2210163
3221666	2210144		
3221667	3220217		
3221668	-3221671	2210809	
-3221668	-1965762		
3221669	2210809	-3221668	-3221671
-3221669	-3221576		
3221670			-3221576
3221671	-3221668	-3221669	2210809
-3221671			
3221672	-2210790	2210784	-2210766
-3221672			
3221673			2225934
-3221673			
-3221674	-2214226	3221675	
3221674	-3221659	-2212424	-3221568
3221675			3221539
-3221675		-2214226	3221674
3221676	3221677	2214226	-2213394
-3221676			
3221677			2213445
-3221677	-3221676	-2213394	2214226
3221678			1962939
-3221678			
3221679	3219210		
3221680	3219210		
3221681	1692881	3221679	
3221682	3221683		
3221683			
3221684			
3221685	-2211570	2211646	
-3221685			
3221686	3214227		-2214217
-3221686			
3221687	3221689		-3221690
3221688			3221687
-3221688			
3221689	3219219		
3221690			3221689
-3221690			
3221691	3221569		
3221692	3221691		-3221694
3221693			3221692
-3221693			
3221694			3221691
-3221694			
-3221695	-3221696	-2214353	
3221695	-2222129		
3221696	3221695		-2214353
-3221696			
3221697	3221700	3221767	-2227328
-3221697		-3221698	-3221699
3221698	-3221699		3221697
-3221698			3219642
3221699	-3221698	3221697	
-3221699			
-3221700	-3221697	-2227328	3221767
3221700	-2215011	2228153	
3221701	2229529		
-3221701		-3221703	-3221702
3221702	-3221703	3221701	
-3221702	-3221704	-1692290	-3221705
3221703	-3221702	3221701	
-3221703			
3221704	3221702	-3221705	-1692290
-3221704			
3221705	-1692290	3221702	-3221704
-3221705			
-3221706	-3221707	-1689923	
3221706	1690181		
-3221707		-1682415	3221708
3221707	3221706		-1689923
-3221708	-1682415	3221707	
3221708	1682029	-1682300	1682155
3221709	-1686374		1686407
-3221709			
3221710	3221646		
-3221711	-3221643		
3221711	1692849	-3221715	
3221712	3221713		
3221713	3221595		3221596
-3221713	-1692862		
3221714			-3221643
3221715	1692862	1692849	
-3221715	-3221624		
3221716			3221718
3221717	2225179		
-3221717	-3221583		3221716
3221718	1690223	1685349	
-3221718	-1686091		
3221719			-1686066
3221720	3221583	1686091	
-3221720	-3221730		
3221721	1686091	-3221720	3221583
-3221721	-1686066		
3221722	1690844	-3214113	
-3221722	-1690850		
3221723	3221724		
3221724			
-3221724	-3219816		3221725
3221725	3221726		
3221726	3221643	3221621	
-3221726	-1690844		
3221727			-3221735
3221728	1685204		
-3221728	-1685264		3221727
3221729	1686053	1685264	
-3221729	-3221735		
-3221730	-1686053		3221731
3221730	3221720		3221719
3221731	3221728		
3221732	1685264	-3221729	
-3221732	-1685169		
3221733			-1685169
3221734	3221730		
-3221735	-1685162		3221736
3221735	3221729		3221733
3221736	3221737		
3221737	1682300		
-3221737	-1685103		3221742
3221738	1685103	-3221740	
-3221738	-3221762		
3221739			3221735
3221740	1685162	1685103	
-3221740	-1685097		
3221741	-3221762		
3221742	-1685097		
-3221743	-1686022		3221744
3221743	2212424	1686032	-1686042
3221744	3221745		
3221745	1685169		
-3221745	-1685453		3221750
-3221746	-3215090		
3221746	1685453	-3221749	
3221747	3221743		
3221748	-3215090		
3221749	1686022	1685453	
-3221749	-3221761		
3221750			-3221761
3221751	1685097		
-3221751	-1685055		3221755
3221752	1685041	-3221756	
-3221752	-3221759		
3221753	3221751		
3221754	-1682091		
-3221754	-1685041		3221757
3221755	3221754		
-3221756	-1685029		
3221756	1685055	1685041	
3221757	-1685029		
3221758	-3221759		
-3221759	-1685120		3221764
3221759	3221752		3221753
-3221760	-1685409		
3221760	1685138	1685120	
-3221761	-1685432		3221766
3221761	3221749		3221748
-3221762	-1685138		3221763
3221762	3221738		3221739
3221763	3221759		
3221764	-1685409		
3221765	3221761		
3221766	3221762		
3221767			
-3221767	-2227328	3221700	-3221697
3221768	-2215103		2215113
-3221768	-2215081		
3221769	3221770	3221774	
3221770			3221771
3221771	3221783		
3221772			3221774
3221773	3221771		
3221774		-2215081	3221768
3221775		3221776	
-3221775		-3221604	3221782
3221776	3221780		
3221777	1682068	-3221782	1682091
-3221777	-3221779		
3221778	3221781		
3221779	3221777		
-3221779	-1682081		3221778
3221780			-3221779
3221781	-3221775		3221776
3221782	1682091	1682068	-3221777
-3221782	-3221604	3221775	
3221783	2215745		