CarID	startPos  endPos curPos status model energyCost totalEnergy  remainEnergy  reservedEnergy  speed 
0	11718	11029	11718	-2	0	10.0	120.0	20.0	5.0	28.71558920581754
3221569 3221544 3221529 3221537 3221539 3221546 2213445 2214094 2213499 -3221588 -3221589 -2213451 -2213323 -3221587 -2209936 -2209307 2209307 -2209901 -2211111 -2210784 -2210766 -2210775 2210093 2210126 2210187 3220217 3220385 2215773 3220276 3220277 
6358 
1	16	6507	16	-2	0	10.0	120.0	20.0	5.0	10.032197479701821
3221662 2212327 1686042 -3221743 3221743 1686032 1686066 3221721 3221583 3221717 2225179 3221566 3221653 2225255 2225979 3219806 
75 
2	62	5012	62	-2	0	10.0	120.0	20.0	5.0	7.908173691705657
-3221730 -1686053 -3221729 -3221735 -1685162 -3221740 -1685097 -3221751 -1685055 -3221756 -1685029 -1680584 -1680591 -1683584 -1683665 -1683135 -3221580 -3221579 -1684354 -3220654 -1581089 1581149 3220440 1581134 1962834 1963004 1963702 2209970 3221665 2210163 -2210809 -3221668 -1965762 
4077 
3	10820	6357	10820	-2	0	10.0	120.0	20.0	5.0	14.954544331211187
3220283 3220286 3220289 2220105 2213584 3221570 2213542 -2213505 -3221588 -3221589 -2213451 -2213323 -3221587 -2209936 -2209307 2209307 -2209901 -2211111 -2210784 -2210766 -3214057 -2210030 2209977 2208562 2208540 
6358 
4	11714	11705	11714	-2	0	10.0	120.0	20.0	5.0	28.484496073522283
3221565 2225261 2226026 2225967 2225934 3221534 3221532 2213262 3221568 -3221568 -2213262 3221526 3221527 3221542 3221567 3221548 2225944 3219642 2226020 2226007 2226013 3219214 2226101 1692284 3221555 
13 
5	4066	6391	4066	-2	0	10.0	120.0	20.0	5.0	15.268549261320068
-1682068 -3221777 -3221779 -1682081 -1680562 -1680591 -1683584 -1683665 -1683135 -3221580 1684513 3221586 1684538 2209307 -2209901 2211529 -2211897 
4077 
6	4069	4134	4069	-2	0	10.0	120.0	20.0	5.0	7.408156521799307
-3221708 -1682415 -1685349 1690223 3219814 1690365 1690850 3221722 1690844 3221726 3221643 3221711 1692862 3221713 3221595 1692978 3221556 3219636 3221648 3221601 3219211 1694023 1692272 3221552 3221551 3221710 3221644 1692313 
10589 
7	11714	10040	11714	-2	0	10.0	120.0	20.0	5.0	17.32627572332453
3221565 2225261 2226026 2225967 2225934 3221534 3221532 2213262 3221568 -3221674 -2214226 3221677 2214166 3218926 3218924 
13 
8	11766	6436	11766	-2	0	10.0	120.0	20.0	5.0	15.350309714081831
-3221622 -3221621 -3221726 -1690844 -3221722 -1690850 -1690365 -3219814 -1690223 -3221718 -1686091 -3221721 -1686066 -1686032 -1686042 -2212327 -2209911 -2209901 -2211111 -2210784 -2210766 -2210775 2210093 2210126 2210187 3220217 3220385 2215103 2215113 2215119 3221773 3221771 3221783 2215745 2215866 
11763 
9	6373	4135	6373	-2	0	10.0	120.0	20.0	5.0	24.850320290534494
2210173 3221666 2210144 2210107 2210775 2210766 2210784 2211111 2209901 -2209307 2209307 2209936 3221587 2213323 2213451 3221589 3221588 2213505 2214154 2214192 2214374 3221687 3221689 3219219 3221692 3221691 3221569 3221544 3221528 3221527 3221542 3221567 3221548 2225944 3219642 2226020 2226007 2226013 3219214 2226101 1692284 3221555 3221551 3221710 3221644 1692313 1692209 
6358 
10	11773	10796	11773	-2	0	10.0	120.0	20.0	5.0	24.32218564485124
3221633 -3221627 -3221599 -3221559 -1692900 -3221595 -3221713 -1692862 -3221711 -3221643 3221643 3221711 1692862 3221713 3221595 1692978 3221556 3219636 3221648 3221601 3219211 1694023 1692272 3221552 3221551 3221710 3221644 1692313 2226074 2225248 2225255 2225979 3219806 2225967 2225934 3221534 3221532 3221531 3221537 3221539 3221546 2213445 2214094 2213499 2213492 2213548 3219648 3220246 3220389 
11763 
11	4072	11781	4072	-2	0	10.0	120.0	20.0	5.0	20.069290591410823
-3221737 -1685103 -3221740 -1685097 -3221751 -1685055 -3221756 -1685029 -1680584 -1680591 -1683584 -1683665 -1683135 -3221580 -3221579 -1684354 -3220654 -1581089 1581149 -1581128 -3221577 -3221642 
4077 
12	11709	19	11709	-2	0	10.0	120.0	20.0	5.0	15.23893388790342
3221557 -1692900 -3221595 -3221713 -1692862 -3221711 -3221643 -3221726 -1690844 -3221722 -1690850 -1690365 -3219814 -1690223 -3221718 -1686091 -3221721 -1686066 -1686032 -1686042 -2212327 -2209911 -2209901 -2211111 -2210784 -2210766 -2210775 2210093 2210126 2210163 -2210809 -3221668 
11763 
13	4063	6446	4063	-2	0	10.0	120.0	20.0	5.0	22.007171239697
-1680562 -1680591 -1683584 -1683665 -1683135 -3221580 1684513 3221586 1684538 2209307 -2209901 -2211111 -2210784 -2210766 -2210775 2210093 2210126 2210187 3220217 3220385 2215103 2215113 2215119 3221773 3221771 3221783 2215745 2215866 3220282 3221437 2216658 
6358 
14	90	11704	90	-2	0	10.0	120.0	20.0	5.0	10.032071959992226
3221775 3221776 3221780 -3221779 -1682081 -1680562 -1680591 1680591 1680584 1685029 3221756 1685055 3221751 1685097 3221740 1685162 3221735 3221729 1686053 3221730 3221720 3221583 3221717 2225179 3221566 3221653 2225313 2226013 3219214 2226101 1692284 
4077 
15	4074	5012	4074	-2	0	10.0	120.0	20.0	5.0	19.402895703186125
1683082 -1683135 -3221580 1684513 3221586 1684538 2209307 -2209901 -2211111 -2210784 -2210766 -2210775 2210093 2210126 2210163 -2210809 -3221668 -1965762 
6358 
16	4993	11748	4993	-2	0	10.0	120.0	20.0	5.0	10.928806431929921
1963724 2209970 3221665 2210144 2210107 2210775 2210766 2210784 2211111 2209901 -2209307 -1684538 -3221586 -1684513 3221580 1683135 1683665 1683584 -3221603 
6358 
17	52	4097	52	-2	0	10.0	120.0	20.0	5.0	15.616892251740436
3221704 -1692290 3219640 3221553 1693074 3221557 -1692900 -3221595 -3221713 -1692862 -3221711 -3221643 -3221726 -1690844 -3221722 -1690850 -1690365 -3219814 -1690223 -3221718 -1686091 -3221721 -1686066 -1686032 
11763 
18	4093	5014	4093	-2	0	10.0	120.0	20.0	5.0	25.11000002950341
-3221718 -1686091 -3221721 -1686066 -1686032 -1686042 -2212327 -2209911 -2209307 2209307 -2209901 -2211111 -2210784 -2210766 -2210775 2210093 2210126 2210163 -2210809 -3221669 -3221576 -1965932 
6358 
19	39	11743	39	-2	0	10.0	120.0	20.0	5.0	26.4803910628892
3221691 3221569 3221544 3221528 -3221526 2213262 3221568 -3221568 -2213262 3221526 3221527 3221542 3221567 3221548 2225944 3219642 2226020 2226007 2226013 3219214 2226101 1692284 3221550 3219640 3221553 1693074 3221557 -1692900 -3221595 
13 
20	11681	10721	11681	-2	0	10.0	120.0	20.0	5.0	14.156789294319406
3221542 3221567 3221548 2225944 3219642 2226020 2226007 -2225313 -3221653 -3221566 -2225179 -3221717 3221716 3221718 1685349 1682415 3221708 1682029 
11703 
21	4987	4125	4987	-2	0	10.0	120.0	20.0	5.0	23.62290392727785
3221577 1581128 -1581149 1581089 3220654 1684354 3221579 1684513 3221586 1684538 2209307 2209911 2212327 1686042 1686032 1686066 3221721 1686091 3221718 1685349 1685231 3221590 
6358 
22	4032	4091	4032	-2	0	10.0	120.0	20.0	5.0	18.25491964293689
1664155 3221611 1673462 3221614 1686234 1686299 1686367 -1686367 -1686299 -1686247 -1682155 -3221708 -1682415 -1685204 -3221728 -1685264 -3221732 -1685169 
11761 
23	3	10207	3	-2	0	10.0	120.0	20.0	5.0	10.731144049283241
3221645 1692313 2226074 2225248 2225255 2225979 3219806 2225967 2225934 3221534 3221530 3221542 3221567 3221548 2225944 3219642 2226020 2226007 2226013 3219214 2226101 1692284 3221550 3219640 3221553 1693074 3221558 3221556 3219636 3221648 3221601 
11703 
24	4095	42	4095	-2	0	10.0	120.0	20.0	5.0	24.380901345054234
-1686032 -1686042 -2212327 -2209911 -2209307 2209307 2209936 3221587 2213323 2213451 3221589 3221588 2213505 2214154 2214192 2214374 3221687 3221689 3219219 3221692 -3221694 
6358 
25	92	10777	92	-2	0	10.0	120.0	20.0	5.0	26.021062952755937
3221771 3221783 2215745 2215866 3220282 3220283 3220286 3220289 2220105 2213584 3221570 2213542 -2213505 -3221588 -3221589 -2213451 -2213323 -2211780 -2211897 2211912 3218921 2211832 3221574 2211002 3221663 2210202 3220216 2210087 3220220 2209977 2208562 1963631 1962939 1962820 1581149 3220440 1581134 1962834 1963004 1963702 2209970 
6387 
26	10583	4033	10583	-2	0	10.0	120.0	20.0	5.0	7.654792836830741
3219806 2225967 2225934 3221534 3221532 2213262 3221568 -2212424 -3221743 -1686022 -3221749 -3221761 -1685432 1685120 3221759 3221752 1685041 3221754 -1682091 1682068 1681409 1681944 1681461 3220102 3221612 
13 
27	6356	10205	6356	-2	0	10.0	120.0	20.0	5.0	29.99479141902757
2208562 1963631 1962939 1962820 1581089 3220654 1684354 3221579 1684513 3221586 1684538 2209307 2209911 2212327 1686042 1686032 1686066 3221721 1686091 3221718 1690223 3219814 1690365 1690850 3221722 1690844 3221726 3221643 3221711 1692862 3221713 3221595 1692900 3219208 3221598 3221561 3221683 
6358 
28	11724	4070	11724	-2	0	10.0	120.0	20.0	5.0	29.323895298424596
3221576 3221669 2210809 2210173 3221666 2210144 2210107 2210775 2210766 2210784 2211111 2209901 -2209307 2209307 2209911 2212327 -1686002 1685472 3215090 3221746 -3221749 -3221761 -1685432 1685120 3221759 3221752 1685041 3221754 
6358 
29	11709	6506	11709	-2	0	10.0	120.0	20.0	5.0	26.07274325385993
3221557 -1692900 -3221595 -3221713 -1692862 -3221711 -3221643 3221643 3221711 1692862 3221713 3221595 1692978 3221556 3219636 3221648 3221601 3219211 1694023 1692272 3221552 3221551 3221710 3221644 1692313 2226074 2225248 2225255 2225979 3219806 2225967 2225934 3221534 3221530 3221542 3221567 3221548 2225944 3221698 3221697 -2227328 
11763 
30	64	10777	64	-2	0	10.0	120.0	20.0	5.0	18.978745701510036
3221722 1690844 3221726 -3221726 -1690844 -3221722 -1690850 -1690365 -3219814 -1690223 -3221718 -1686091 -3221721 -1686066 -1686032 -1686042 -2212327 -2209911 -2209307 -1684538 -3221586 -1684513 -3221579 -1684354 -3220654 -1581089 1581149 3220440 1581134 1962834 1963004 1963702 2209970 
11763 
31	6479	61	6479	-2	0	10.0	120.0	20.0	5.0	25.29124726300533
-2222411 -2222259 -2221648 -2221610 -2221588 -3221571 -2214210 -2213505 -3221588 -3221589 -2213451 -2213323 -3221587 -2209936 -2209307 2209307 2209911 2212327 1686042 1686032 1686066 3221721 1686091 
6358 
32	3814	10787	3814	-2	0	10.0	120.0	20.0	5.0	23.900189413370843
-1580854 1683750 3221634 1684513 3221586 1684538 2209307 2209936 3221587 2213323 2213394 3221677 2214166 3218926 3218924 3220234 
6358 
33	4986	11760	4986	-2	0	10.0	120.0	20.0	5.0	12.3157034299689
1962244 3221577 1581128 -1581149 1581089 3220654 1684354 3221579 1684513 3221586 1684538 2209307 2209911 2212327 1686042 1686032 1686066 3221721 1686091 3221718 1690223 3219814 1690365 1690850 3221722 1690844 3221726 3221621 -1687701 -1687663 -3221618 
6358 
34	6399	11749	6399	-2	0	10.0	120.0	20.0	5.0	22.556254278952174
2214094 2213499 -3221588 -3221589 -2213451 -2213323 -3221587 -2209936 -2209307 -1684538 -3221586 -1684513 3221580 1683135 1683665 1683584 1680591 1680562 1682081 3221778 3221781 -3221775 -3221604 
6358 
35	30	4134	30	-2	0	10.0	120.0	20.0	5.0	10.32922301732465
3221685 -2211570 2211111 2209901 -2209307 2209307 2209936 3221587 2213323 2213451 3221589 3221588 2213505 2214154 2214192 2214374 3221687 3221689 3219219 3221692 3221691 3221569 3221544 3221528 3221527 3221542 3221567 3221548 2225944 3219642 2226020 2226007 2226013 3219214 2226101 1692284 3221555 3221551 3221710 3221644 1692313 
6358 
36	8466	6512	8466	-2	0	10.0	120.0	20.0	5.0	14.491383987057143
-1687707 -1687663 -3221619 3221619 1687663 1687701 3221622 3221624 3221715 1692862 3221713 3221595 1692978 3221556 3219636 3221648 3221601 3219211 1694023 1692272 3221552 3221551 3221710 3221644 1692313 2226074 2225248 2225313 2228275 3221655 3221585 
11761 
37	6474	6414	6474	-2	0	10.0	120.0	20.0	5.0	11.33499668538861
2221464 2221638 2221610 2222129 -3221695 -2214353 2226968 3221543 3221548 2225944 3219642 2226020 2225985 2225979 3219806 2225967 2225934 3221534 3221530 3221542 3221567 3221548 2225944 3219642 2226020 2226007 2226013 3219214 2226101 1692284 3221555 3221551 3221710 3221644 1692313 1692209 2225261 
6507 
38	10589	11626	10589	-2	0	10.0	120.0	20.0	5.0	25.30650539107027
-1690223 -3221718 -1686091 -3221721 -1686066 -1686032 -1686042 -2212327 -2209911 -2209307 -1684538 -3221586 -1684513 -3221579 -1684354 -3220654 -1581089 1581149 3220440 1581134 1962834 1963004 2209983 3218916 3220236 
6358 
39	12	10500	12	-2	0	10.0	120.0	20.0	5.0	20.528726222912873
3221659 -3221568 -2213262 3221526 3221527 3221542 3221567 3221548 2225944 3219642 2226020 2226007 2226013 3219214 2226101 1692284 3221550 3219640 3221553 1693074 3221558 3221556 
13 
40	11779	4051	11779	-2	0	10.0	120.0	20.0	5.0	9.26774995172933
3221640 1683750 3221634 1684513 3221586 1684538 -1684538 -3221586 -1684513 3221580 1683135 1683665 1683584 1680591 1680562 1682081 3221779 3221777 1682068 1681409 1681944 1681461 3220102 3221612 1673451 3221615 
6358 
41	4104	11723	4104	-2	0	10.0	120.0	20.0	5.0	26.565544714129402
-3221619 3221619 1687663 1687701 3221622 3221624 3221715 1692862 3221713 3221595 1692978 3221556 3219636 3221648 3221601 3219211 1694023 1692272 3221552 3221551 3221710 3221644 1692313 2226074 2225248 2225255 2225979 3219806 2225967 2225934 3221534 3221532 3221531 3221537 3221539 3221546 2213445 2214094 2213499 2213492 2213548 3219648 3220244 2211912 3218921 2211832 
11761 
42	48	4146	48	-2	0	10.0	120.0	20.0	5.0	24.73741386343481
3221699 -3221698 3219642 2226020 2225985 2225979 3219806 2225967 2225934 3221534 3221532 2213262 3221568 -3221568 -2213262 3221526 3221527 3221542 3221567 3221548 2225944 3219642 2226020 2226007 2226013 3219214 2226101 1692284 3221550 3219640 3221553 1693074 3221557 3221559 3221599 3221627 3221631 
13 
43	4098	3805	4098	-2	0	10.0	120.0	20.0	5.0	19.641090913970512
-3221721 -1686066 -1686032 -1686042 -2212327 -2209911 -2209307 -1684538 -3221586 -1684513 -3221634 -1683750 1580854 1580833 
6358 
44	11751	6449	11751	-2	0	10.0	120.0	20.0	5.0	5.6419688714577045
3221606 -3219961 -1684588 1683584 -1683584 -1683665 -1683135 -3221580 -3221579 -1684354 -3220654 -1581089 1581149 3220440 1581134 1962834 1963004 1963702 2209970 3221665 2210187 3220217 3220385 2215103 2215113 2215119 3221773 3221771 3221783 2215745 2215866 3220282 3221437 2216658 2217178 
4077 
45	11734	11762	11734	-2	0	10.0	120.0	20.0	5.0	16.057020679723365
-2209936 -2209307 2209307 2209911 2212327 1686042 1686032 1686066 3221721 1686091 3221718 1690223 3219814 1690365 1690850 3221722 1690844 3221726 3221621 -1687701 -1687663 -3221619 -3221620 
6358 
46	4096	10500	4096	-2	0	10.0	120.0	20.0	5.0	19.190947838783966
-2212327 -2209911 -2209307 2209307 2209911 2212327 1686042 1686032 1686066 3221721 1686091 3221718 1690223 3219814 1690365 1690850 3221722 1690844 3221726 3221643 3221711 1692862 3221713 3221595 1692978 3221556 
6358 
47	11724	11717	11724	-2	0	10.0	120.0	20.0	5.0	17.402133825240977
3221576 3221669 2210809 2210173 3221666 2210144 2210107 2210775 2210766 2210784 2211111 2209901 -2209307 2209307 2209936 3221587 2213323 2213451 3221589 3221588 2213505 2214154 2214192 2214374 3221687 3221689 3219219 3221692 3221691 3221569 3221544 3221528 -3221526 2213262 
6358 
48	6473	10824	6473	-2	0	10.0	120.0	20.0	5.0	24.142445577098268
2221638 -2221588 -3221571 -2214210 -2213505 -3221588 -3221589 -2213451 -2213323 -3221587 -2209936 -2209307 2209307 -2209901 -2211111 -2210784 -2210766 -2210775 2210093 2210126 2210187 3220217 3220385 2215103 2215113 2215119 3221773 3221771 3221783 2215745 2215866 3220282 3220283 3220286 
6358 
49	4104	49	4104	-2	0	10.0	120.0	20.0	5.0	26.000961682204718
-3221619 3221619 1687663 1687701 3221622 3221624 3221715 1692862 3221713 3221595 1692978 3221556 3219636 3221648 3221601 3219211 1694023 1692272 3221552 3221551 3221710 3221644 1692313 2226074 2225292 3219214 2226101 1692284 3221550 1692290 3221702 
11761 
50	82	11744	82	-2	0	10.0	120.0	20.0	5.0	12.541543537665781
-1685029 -1680584 -1680591 1680591 1680584 1685029 3221756 1685055 3221751 1685097 3221740 1685162 3221735 3221729 1686053 3221730 3221720 1686091 3221718 1690223 3219814 1690365 1690850 3221722 1690844 3221726 3221643 3221711 1692862 3221713 3221595 1692900 3219208 
4077 
51	53	6474	53	-2	0	10.0	120.0	20.0	5.0	9.091675320236382
3221705 -1692290 3219640 3221553 1693074 3221557 -1692900 -3221595 -3221713 -1692862 -3221711 -3221643 3221643 3221711 1692862 3221713 3221595 1692978 3221556 3219636 3221648 3221601 3219211 1694023 1692272 3221552 3221551 3221710 3221644 1692313 2226074 2225248 2225255 2225979 3219806 2225967 2225934 3221534 3221532 3221531 3221537 3221539 3221546 2213445 2214094 2213499 2213505 2214210 3221571 2221588 -2221638 -2221464 
11763 
52	10774	4127	10774	-2	0	10.0	120.0	20.0	5.0	7.512631876631913
3220294 3220296 3220394 3220292 2211002 3221663 2210202 3220216 2210087 3220220 2209977 2208562 1963631 1962939 1962820 1581089 3220654 1684354 3221579 3221580 1683135 1683665 1683584 1680591 1680584 1685029 3221756 1685055 3221751 1685097 3221740 1685162 3221735 3221729 1685264 3221728 1685204 1685231 3221590 1689923 3221706 
4992 
53	31	86	31	-2	0	10.0	120.0	20.0	5.0	18.93809374360049
1692881 3221560 3221597 -3221713 -1692862 -3221711 -3221643 -3221726 -1690844 -3221722 -1690850 -1690365 -3219814 -1690223 -3221718 -1686091 -3221720 -3221730 -1686053 -3221729 -3221735 -1685162 -3221738 -3221762 
11763 
54	6405	4134	6405	-2	0	10.0	120.0	20.0	5.0	16.218165994914102
2213542 -2213505 -3221588 -3221589 -2213451 -2213323 -3221587 -2209936 -2209307 2209307 2209936 3221587 2213323 2213451 3221589 3221588 2213505 2214154 2214192 2214374 3221687 3221689 3219219 3221692 3221691 3221569 3221544 3221528 3221527 3221542 3221567 3221548 2225944 3219642 2226020 2226007 2226013 3219214 2226101 1692284 3221555 3221551 3221710 3221644 1692313 
6358 
55	4993	4087	4993	-2	0	10.0	120.0	20.0	5.0	20.82864833532927
1963724 2209970 3221665 2210144 2210107 2210775 2210766 2210784 2211111 2209901 -2209307 2209307 2209911 2212327 -1686002 1685472 3215090 3221746 -3221749 -3221761 -1685432 1685120 3221759 3221752 1685055 3221751 
6358 
56	10822	3813	10822	-2	0	10.0	120.0	20.0	5.0	23.54189476485028
3220285 3220286 3220289 2220105 2213584 3221570 2213542 -2213505 -3221588 -3221589 -2213451 -2213323 -3221587 -2209936 -2209307 -1684538 -3221586 -1684513 -3221579 -1684354 -3220654 3220438 3220437 1580892 
6358 
57	10777	6510	10777	-2	0	10.0	120.0	20.0	5.0	16.91108988862627
3221665 2210144 2210107 2210775 2210766 2210784 2211111 2209901 -2209307 2209307 2209936 3221587 2213323 2213451 3221589 3221588 2213505 2214154 2214192 2214374 3221687 3221689 3219219 3221692 3221691 3221569 3221545 2226968 2227328 3221700 
6358 
58	11733	11746	11733	-2	0	10.0	120.0	20.0	5.0	10.521107305645678
3221586 1684538 2209307 2209911 2212327 1686042 1686032 1686066 3221721 1686091 3221718 1690223 3219814 1690365 1690850 3221722 1690844 3221726 3221643 3221711 1692862 3221713 3221595 1692978 3221556 3219636 3221648 
6358 
59	3815	4135	3815	-2	0	10.0	120.0	20.0	5.0	29.409905815168308
1683750 3221634 1684513 3221586 1684538 2209307 2209936 3221587 2213323 2213451 3221589 3221588 2213505 2214154 2214192 2214374 3221687 3221689 3219219 3221692 3221691 3221569 3221544 3221528 3221527 3221542 3221567 3221548 2225944 3219642 2226020 2226007 2226013 3219214 2226101 1692284 3221555 3221551 3221710 3221644 1692313 1692209 
6358 
60	4098	10819	4098	-2	0	10.0	120.0	20.0	5.0	17.255228749113147
-3221721 -1686066 -1686032 -1686042 -2212327 -2209911 -2209307 2209307 -2209901 -2211111 -2210784 -2210766 -2210775 2210093 2210126 2210187 3220217 3220385 2215773 3220276 3220277 3220652 3220281 
6358 
61	11767	4999	11767	-2	0	10.0	120.0	20.0	5.0	8.033552682965901
3221625 -1687701 -1687663 -3221619 -1686367 -1686299 -1686247 -1682155 -1682300 -3221737 -1685103 -3221740 -1685097 -3221751 -1685055 -3221756 -1685029 -1680584 -1680591 -1683584 -1683665 -1683135 -3221580 -3221579 -1684354 -3220654 -1581089 1581149 3220440 1581134 1962834 1963004 1963702 
4072 
62	4130	10511	4130	-2	0	10.0	120.0	20.0	5.0	16.992208937844893
-3219814 -1690223 -3221718 -1686091 -3221721 -1686066 -1686032 2212424 -3221674 -2214226 3221677 2214166 3218926 3218927 3220241 
10589 
63	11626	10205	11626	-2	0	10.0	120.0	20.0	5.0	11.48947400800407
3221433 2217125 3221432 2214100 2214179 3219219 3221692 3221691 3221569 3221544 3221528 3221527 3221542 3221567 3221548 2225944 3219642 2226020 2226007 2226013 3219214 2226101 1692284 3221550 3219640 3221553 1693074 3221557 3219208 3221598 3221561 3221683 
11703 
64	11753	10500	11753	-2	0	10.0	120.0	20.0	5.0	24.98163305587074
3221608 -1680584 -1680591 1680591 1680584 1685029 3221756 1685055 3221751 1685097 3221740 1685162 3221735 3221729 1686053 3221730 3221720 1686091 3221718 1690223 3219814 1690365 1690850 3221722 1690844 3221726 3221643 3221711 1692862 3221713 3221595 1692978 3221556 
4077 
65	10776	4989	10776	-2	0	10.0	120.0	20.0	5.0	17.444505398334314
3220217 3220385 2215103 -3221768 -2215081 -1966299 1965932 3221576 3221669 2210809 2210173 3221666 2210144 2210107 2210775 2210766 2210784 2211111 2209901 -2209307 -1684538 -3221586 -1684513 -3221579 -1684354 -3220654 -1581089 1581149 -1581128 -3221577 -1962758 
6358 
66	4066	10503	4066	-2	0	10.0	120.0	20.0	5.0	24.00504356785914
-1682068 -3221777 -3221779 -1682081 -1680562 -1680591 1680591 1680584 1685029 3221756 1685055 3221751 1685097 3221740 1685162 3221735 3221729 1686053 3221730 3221720 3221583 3221717 2225179 3221566 3221653 2225313 2226013 3219214 2226101 1692284 3221550 3219640 3221553 
4077 
67	4079	4141	4079	-2	0	10.0	120.0	20.0	5.0	12.606628473153368
1683584 1680591 1680584 1685029 3221756 1685055 3221751 1685097 3221740 1685162 3221735 3221729 1686053 3221730 3221720 1686091 3221718 1690223 3219814 1690365 1690850 3221722 1690844 3221726 3221643 3221711 1692862 3221713 3221595 
4077 
68	10905	10787	10905	-2	0	10.0	120.0	20.0	5.0	26.86576279106743
3220654 1684354 3221579 1684513 3221586 1684538 2209307 2209936 3221587 2213323 2213394 3221677 2214166 3218926 3218924 3220234 
6358 
69	6425	10209	6425	-2	0	10.0	120.0	20.0	5.0	7.180639775578408
3221783 2215745 2215866 3220282 3220283 3220286 3220289 2220105 2213584 3221570 2213542 -2213505 -3221588 -3221589 -2213451 -2213323 -2211780 2211780 2213323 2213451 3221589 3221588 2213505 2214154 2214192 2214374 3221687 3221689 3219219 3221692 3221691 3221569 3221544 3221528 3221527 3221542 3221567 3221548 2225944 3219642 2226020 2226007 2226013 3219214 2226101 1692284 3221555 3221551 3221710 3221644 1692313 1692209 2225261 3219215 
6387 
70	6448	10788	6448	-2	0	10.0	120.0	20.0	5.0	20.54648349000092
3220290 3220291 3220394 3220292 2211002 3221663 2210202 3220216 2210087 3220220 2209977 2208562 1963631 1962939 1962820 1581149 3220440 1581134 1962834 1963004 2209983 3218916 
4992 
71	6422	77	6422	-2	0	10.0	120.0	20.0	5.0	15.42242932546033
2215119 3221772 3221774 -2215081 -1966299 1965932 3221576 3221669 2210809 2210173 3221666 2210144 2210107 2210775 2210766 2210784 2211111 2209901 -2209307 2209307 2209911 2212327 -1686002 1685472 3215090 
6358 
72	11771	4092	11771	-2	0	10.0	120.0	20.0	5.0	14.259352567060846
-3221627 -3221599 -3221559 -1692900 -3221595 -3221713 -1692862 -3221711 -3221643 -3221726 -1690844 -3221722 -1690850 -1690365 1690264 -1689974 -3221590 -1685231 -1685204 
11763 
73	6438	50	6438	-2	0	10.0	120.0	20.0	5.0	14.974714530334369
3220284 3220285 3220286 3220289 2220105 2213584 3221570 2213542 -2213505 -3221588 -3221589 -2213451 -2213323 -2211780 2211780 2213323 2213451 3221589 3221588 2213505 2214154 2214192 2214374 3221687 3221689 3219219 3221692 3221691 3221569 3221544 3221528 3221527 3221542 3221567 3221548 2225944 3219642 2226020 2226007 2226013 3219214 2226101 1692284 3221550 1692290 
6387 
74	11721	11737	11721	-2	0	10.0	120.0	20.0	5.0	29.84839042288516
3221572 2216703 3221432 2214100 2214179 3219219 3221692 3221691 3221569 3221544 3221528 -3221526 2213262 3221568 -2212424 1686032 1686066 3221721 1686091 3221718 1685349 1685231 
13 
75	3801	71	3801	-2	0	10.0	120.0	20.0	5.0	15.19483106089449
3220444 1578891 -1580399 -1580833 -1580854 1683750 3221634 1684513 3221586 1684538 2209307 2209911 2212327 -1686002 1685472 3215090 3221746 -3221749 -3221761 -1685432 1685138 3221762 3221738 1685162 
6358 
76	11741	11716	11741	-2	0	10.0	120.0	20.0	5.0	12.974612851026482
3221593 3221591 3221592 -1580399 -1580833 -1580854 1683750 3221634 1684513 3221586 1684538 2209307 2209936 3221587 2213323 2213451 3221589 3221588 2213505 2214154 2214192 2214374 3221687 3221689 3219219 3221692 3221691 3221569 3221544 3221528 3221527 3221542 
6358 
77	10500	10909	10500	-2	0	10.0	120.0	20.0	5.0	9.0152858423032
3219636 3221648 3221601 3219211 1694023 1692272 3221552 3221551 3221710 3221644 1692313 2226074 2225248 2225255 2225979 3219806 2225967 2225934 3221534 3221532 3221531 3221537 3221539 3221546 2213445 2214094 2213499 -3221588 -3221589 -2213451 -2213323 -3221587 -2209936 -2209307 -1684538 -3221586 -1684513 -3221634 -1683750 1580854 1580833 1580399 3220442 
6507 
78	6409	56	6409	-2	0	10.0	120.0	20.0	5.0	10.767137106937888
2214192 2214374 3221687 3221689 3219219 3221692 3221691 3221569 3221544 3221528 -3221526 2213262 3221568 -2212424 1686032 1686066 3221721 1686091 3221718 1685349 1682415 3221708 1682155 1686374 -3221709 
13 
79	10828	4077	10828	-2	0	10.0	120.0	20.0	5.0	16.68882544358945
3218919 2220105 2213584 3221570 2213542 -2213505 -3221588 -3221589 -2213451 2213394 2214226 3221674 -2212424 -3221743 -1686022 -3221746 -3215090 -1685472 -1684594 -3219961 -1684588 1683584 
13 
80	6386	4051	6386	-2	0	10.0	120.0	20.0	5.0	20.686323299338536
-3221587 -2209936 -2209307 -1684538 -3221586 -1684513 3221580 1683135 1683665 1683584 1680591 1680562 1682081 3221779 3221777 1682068 1681409 1681944 1681461 3220102 3221612 1673451 3221615 
6358 
81	10782	10795	10782	-2	0	10.0	120.0	20.0	5.0	21.400096519765032
2216562 2216716 3220287 3221572 2216703 3221432 2214100 2214179 3219219 3221692 3221691 3221569 3221544 3221528 -3221526 2213262 3221568 -3221674 -2214226 3221677 2213445 2214094 2213499 2213492 2213548 3219648 3220246 
13 
82	6356	82	6356	-2	0	10.0	120.0	20.0	5.0	8.820701028385862
2208562 1963631 1962939 1962820 1581089 3220654 1684354 3221579 3221580 1683135 1683665 1684588 3219961 1685409 3221760 1685120 3221759 3221752 -3221756 
10661 
83	6514	6357	6514	-2	0	10.0	120.0	20.0	5.0	26.904410635187315
-3221701 -3221702 -1692290 3219640 3221553 1693074 3221557 -1692900 -3221595 -3221713 -1692862 -3221711 -3221643 -3221726 -1690844 -3221722 -1690850 -1690365 -3219814 -1690223 -3221718 -1686091 -3221721 -1686066 -1686032 -1686042 -2212327 -2209911 -2209901 -2211111 -2210784 -2210766 -3214057 -2210030 2209977 2208562 2208540 
11763 
84	6386	4126	6386	-2	0	10.0	120.0	20.0	5.0	15.466094711506235
-3221587 -2209936 -2209307 2209307 2209911 2212327 1686042 1686032 1686066 3221721 1686091 3221718 1690223 3219814 1690264 
6358 
85	4111	37	4111	-2	0	10.0	120.0	20.0	5.0	10.283664581339787
-3221711 -3221643 3221643 3221711 1692862 3221713 3221595 1692978 3221556 3219636 3221648 3221601 3219211 1694023 1692272 3221552 3221551 3221710 3221644 1692313 2226074 2225248 2225255 2225979 3219806 2225967 2225934 3221534 3221532 3221531 3221537 3221539 3221546 2213445 2214094 2214130 2214192 2214374 3221687 
11763 
86	4029	10041	4029	-2	0	10.0	120.0	20.0	5.0	12.016591805656875
-1681431 -1681944 -1681409 -1682068 -3221777 -3221779 -1682081 -1680562 -1680591 -1683584 1684588 3219961 1684594 1685472 3215090 3221746 1686022 3221743 2212424 -3221674 -2214226 3221677 2214166 3218926 
4077 
87	11745	6405	11745	-2	0	10.0	120.0	20.0	5.0	9.923783860968914
-3221559 -1692900 -3221595 -3221713 -1692862 -3221711 -3221643 -3221726 -1690844 -3221722 -1690850 -1690365 -3219814 -1690223 -3221718 -1686091 -3221721 -1686066 -1686032 -1686042 -2212327 -2209911 -2209901 -2211111 -2210784 -2210766 -2210775 2210093 2210126 2210187 3220217 3220385 2215103 2215113 2215119 3221773 3221771 3221783 2215745 2215866 3220282 3220283 3220286 3220289 2220105 2213584 3221570 
11763 
88	6475	10819	6475	-2	0	10.0	120.0	20.0	5.0	28.56899317813207
-2221588 -3221571 -2214210 -2213505 -3221588 -3221589 -2213451 -2213323 -3221587 -2209936 -2209307 2209307 -2209901 -2211111 -2210784 -2210766 -2210775 2210093 2210126 2210187 3220217 3220385 2215773 3220276 3220277 3220652 3220281 
6358 
89	11748	11711	11748	-2	0	10.0	120.0	20.0	5.0	13.670466413373848
3221603 1680591 1680584 1685029 3221756 1685055 3221751 1685097 3221740 1685162 3221735 3221729 1686053 3221730 3221720 1686091 3221718 1690223 3219814 1690365 1690850 3221722 1690844 3221726 3221643 3221711 1692862 3221713 3221595 1692900 3219208 3221598 
4077 
90	4125	11704	4125	-2	0	10.0	120.0	20.0	5.0	28.74177790733389
1689923 -1689923 -3221590 -1685231 -1685349 -3221718 -1686091 3221583 3221717 2225179 3221566 3221653 2225313 2226013 3219214 2226101 1692284 
54 
91	6499	4066	6499	-2	0	10.0	120.0	20.0	5.0	5.998920523842739
2225255 2225979 3219806 2225967 2225934 3221534 3221532 3221531 3221537 3221539 3221546 2213445 2214094 2213499 -3221588 -3221589 -2213451 -2213323 -2211780 -2211529 2209901 2209911 2212327 -1686002 1685472 3215090 3221746 -3221749 -3221761 -1685432 1685120 3221759 3221752 1685041 3221754 -1682091 1682068 
6387 
92	11625	4077	11625	-2	0	10.0	120.0	20.0	5.0	27.714869765547355
2214100 2214179 3219219 3221692 3221691 3221569 3221544 3221528 3221527 3221542 3221567 3221548 2225944 3219642 2226020 2226007 -2225313 -3221653 -3221566 -2225179 -3221717 -3221583 -3221720 -3221730 -1686053 -3221729 -3221735 -1685162 -3221740 -1685097 -3221751 -1685055 -3221756 -1685029 -1680584 -1680591 
11703 
93	3820	11732	3820	-2	0	10.0	120.0	20.0	5.0	20.804928213041514
1581089 3220654 1684354 3221579 1684513 3221586 1684538 2209307 2209936 3221587 2213323 2213451 3221589 3221588 2213505 2214154 2214192 2214374 3221687 3221689 3219219 3221692 3221691 3221569 3221544 3221528 3221527 3221542 3221567 3221548 2225944 3219642 2226020 2226007 2228275 3221655 
6358 
94	11685	4102	11685	-2	0	10.0	120.0	20.0	5.0	27.551709667751425
3221534 3221532 3221531 3221537 3221539 3221546 2213445 2214094 2213499 -3221588 -3221589 -2213451 -2213323 -3221587 -2209936 -2209307 2209307 2209911 2212327 1686042 1686032 1686066 3221721 1686091 3221718 1685349 1682415 3221708 1682155 1686247 1686299 
6358 
95	4078	11704	4078	-2	0	10.0	120.0	20.0	5.0	11.583888526716883
-1683590 1680591 1680584 1685029 3221756 1685055 3221751 1685097 3221740 1685162 3221735 3221729 1686053 3221730 3221720 3221583 3221717 2225179 3221566 3221653 2225313 2226013 3219214 2226101 1692284 
4077 
96	6442	10796	6442	-2	0	10.0	120.0	20.0	5.0	6.370648424501761
2216716 3220287 3221572 2216703 3221432 2214100 2214179 3219219 3221692 3221691 3221569 3221544 3221528 3221527 3221542 3221567 3221548 2225944 3219642 2226020 2225985 2225979 3219806 2225967 2225934 3221534 3221532 3221531 3221537 3221539 3221546 2213445 2214094 2213499 2213492 2213548 3219648 3220246 3220389 
11703 
97	10782	4135	10782	-2	0	10.0	120.0	20.0	5.0	16.111499637376816
2216562 2216716 3220287 3221572 2216703 3221432 2214100 2214179 3219219 3221692 3221691 3221569 3221544 3221528 3221527 3221542 3221567 3221548 2225944 3219642 2226020 2226007 2226013 3219214 2226101 1692284 3221555 3221551 3221710 3221644 1692313 1692209 
11703 
98	4111	11752	4111	-2	0	10.0	120.0	20.0	5.0	13.028368205945766
-3221711 -3221643 -3221726 -1690844 -3221722 -1690850 -1690365 -3219814 -1690223 -3221718 -1686091 -3221721 -1686066 -1686032 -3221743 -1686022 -3221746 -3215090 -1685472 -3221607 
11763 
99	4133	4066	4133	-2	0	10.0	120.0	20.0	5.0	7.879531093484047
1692272 3221552 3221551 3221710 3221644 1692313 2226074 2225248 2225255 2225979 3219806 2225967 2225934 3221534 3221532 2213262 3221568 -2212424 -3221743 -1686022 -3221749 -3221761 -1685432 1685120 3221759 3221752 1685041 3221754 -1682091 1682068 
6507 
100	83	4990	83	-2	0	10.0	120.0	20.0	5.0	13.331871914986907
-1685120 1685432 3221761 3221749 -3221746 -3215090 -1685472 1686002 -2212327 -2209911 -2209307 2209307 -2209901 -2211111 -2210784 -2210766 -3214057 -2210030 2209977 2208562 1963631 1962939 
6358 
101	6404	66	6404	-2	0	10.0	120.0	20.0	5.0	21.834886644805902
-2213505 -3221588 -3221589 -2213451 -2213323 -3221587 -2209936 -2209307 2209307 2209911 2212327 1686042 1686032 1686066 3221721 1686091 3221718 1690223 3219814 1690365 1690850 3221722 1690844 
6358 
102	6371	70	6371	-2	0	10.0	120.0	20.0	5.0	19.553304334319677
2210107 2210775 2210766 2210784 2211111 2209901 -2209307 2209307 2209911 2212327 -1686002 1685472 3215090 3221746 1685453 3221745 1685169 
6358 
103	60	11775	60	-2	0	10.0	120.0	20.0	5.0	23.446175460840177
-3221583 -3221721 -1686066 -1686032 -1686042 -2212327 -2209911 -2209307 -1684538 -3221586 -1684513 -3221634 -1683750 1580854 1580833 1580399 -3221592 -3221591 -3221578 
6358 
104	6475	11779	6475	-2	0	10.0	120.0	20.0	5.0	28.929341431045106
-2221588 -3221571 -2214210 -2213505 -3221588 -3221589 -2213451 -2213323 -3221587 -2209936 -2209307 -1684538 -3221586 -1684513 -3221634 -1683750 -3221640 
6358 
105	10881	6401	10881	-2	0	10.0	120.0	20.0	5.0	24.300293766858044
3220394 3220292 2211002 3221663 2210790 2210784 2211111 2209901 -2209307 2209307 2209936 3221587 2213323 2213394 3221677 2214166 
6358 
106	11680	11741	11680	-2	0	10.0	120.0	20.0	5.0	17.86070840468427
3221532 3221531 3221537 3221539 3221546 2213445 2214094 2213499 -3221588 -3221589 -2213451 -2213323 -3221587 -2209936 -2209307 -1684538 -3221586 -1684513 -3221634 -1683750 1580854 1580833 1580399 -3221592 -3221591 -3221593 
6358 
107	11761	3802	11761	-2	0	10.0	120.0	20.0	5.0	10.62889686594827
3221619 1687663 1687701 -3221621 -3221726 -1690844 -3221722 -1690850 -1690365 -3219814 -1690223 -3221718 -1686091 -3221721 -1686066 -1686032 -1686042 -2212327 -2209911 -2209307 -1684538 -3221586 -1684513 -3221634 -1683750 1580854 1580833 1579303 3220445 
11763 
108	23	10507	23	-2	0	10.0	120.0	20.0	5.0	17.502402490362105
3221673 2225934 3221534 3221532 2213262 3221568 -3221568 -2213262 3221526 3221527 3221542 3221567 3221548 2225944 3219642 2226020 2226007 2226013 3219214 2226101 1692284 3221555 3221551 
13 
109	10909	11761	10909	-2	0	10.0	120.0	20.0	5.0	22.28897784652627
1580416 1581118 -1581149 1581089 3220654 1684354 3221579 3221580 1683135 1683665 1683584 1680591 1680562 1682081 3221779 3221777 1682068 1681409 1681944 1681461 3220102 3221612 1673462 3221614 1686234 1686299 1686367 
4077 
110	6475	4062	6475	-2	0	10.0	120.0	20.0	5.0	26.033157310045134
-2221588 -3221571 -2214210 -2213505 -3221588 -3221589 -2213451 -2213323 -3221587 -2209936 -2209307 -1684538 -3221586 -1684513 3221580 1683135 1683665 1683584 1680591 
6358 
111	11719	4064	11719	-2	0	10.0	120.0	20.0	5.0	25.406792764917412
3221570 2213542 -2213505 -3221588 -3221589 -2213451 -2213323 -3221587 -2209936 -2209307 -1684538 -3221586 -1684513 3221580 1683135 1683665 1683584 1680591 1680562 1682081 3221779 3221777 1682068 1681409 -1680609 
6358 
112	6478	4070	6478	-2	0	10.0	120.0	20.0	5.0	15.265000753478498
-2222259 -2221648 -2221610 -2221588 -3221571 -2214210 -2213505 -3221588 -3221589 -2213451 -2213323 -3221587 -2209936 -2209307 2209307 2209911 2212327 -1686002 1685472 3215090 3221746 -3221749 -3221761 -1685432 1685120 3221759 3221752 1685041 3221754 
6358 
113	85	11767	85	-2	0	10.0	120.0	20.0	5.0	10.12987130411937
3221761 3221749 1686022 3221743 1686032 1686066 3221721 1686091 3221718 1690223 3219814 1690365 1690850 3221722 1690844 3221726 3221621 -3221625 
75 
114	10908	6513	10908	-2	0	10.0	120.0	20.0	5.0	21.46232202353263
1581134 1962834 1963004 1963702 2209970 3221665 2210144 2210107 2210775 2210766 2210784 2211111 2209901 -2209307 2209307 2209936 3221587 2213323 2213451 3221589 3221588 2213505 2214154 2214192 2214374 3221687 3221689 3219219 3221692 3221691 3221569 3221544 3221528 3221527 3221542 3221567 3221548 2225944 3219642 2226020 2226007 2228275 3221655 3221585 2229041 
6358 
115	10825	11701	10825	-2	0	10.0	120.0	20.0	5.0	11.693754843092897
3220291 3220394 3220292 2211002 3221663 2210202 3220216 2210087 3220220 2209977 2208562 1963631 1962939 1962820 1581089 3220654 1684354 3221579 1684513 3221586 1684538 2209307 2209936 3221587 2213323 2213394 2214226 3221675 3221539 
4992 
116	11745	53	11745	-2	0	10.0	120.0	20.0	5.0	8.479134172862539
-3221559 -1692900 1692978 3221556 3219636 3221648 3221601 3219211 1694023 1692272 3221552 3221551 3221710 3221644 1692313 2226074 2225248 2225255 2225979 3219806 2225967 2225934 3221534 3221530 3221542 3221567 3221548 2225944 3219642 2226020 2226007 2226013 3219214 2226101 1692284 3221550 1692290 -3221705 
6507 
117	4141	3822	4141	-2	0	10.0	120.0	20.0	5.0	26.35201245427611
-3221595 -3221713 -1692862 -3221711 -3221643 -3221726 -1690844 -3221722 -1690850 -1690365 -3219814 -1690223 -3221718 -1686091 -3221721 -1686066 -1686032 -1686042 -2212327 -2209911 -2209307 -1684538 -3221586 -1684513 -3221579 -1684354 -3220654 -1581089 1581149 -1581128 
11763 
118	45	3822	45	-2	0	10.0	120.0	20.0	5.0	10.503465114423683
3221697 -2227328 3221543 3221548 2225944 3219642 2226020 2225985 2225979 3219806 2225967 2225934 3221534 3221532 3221531 3221537 3221539 3221546 2213445 2214094 2213499 -3221588 -3221589 -2213451 -2213323 -3221587 -2209936 -2209307 -1684538 -3221586 -1684513 -3221579 -1684354 -3220654 -1581089 1581149 -1581128 
11703 
119	10774	3800	10774	-2	0	10.0	120.0	20.0	5.0	18.397547031209157
3220294 3218919 2220105 2213584 3221570 2213542 -2213505 -3221588 -3221589 -2213451 -2213323 -3221587 -2209936 -2209307 2209307 -2209901 -2211111 -2210784 -2210766 -3214057 -2210030 2209977 2208575 1963613 1962844 1580872 
6358 
120	6507	4070	6507	-2	0	10.0	120.0	20.0	5.0	25.25195183041422
2225967 2225934 3221534 3221532 2213262 3221568 -2212424 -3221743 -1686022 -3221749 -3221761 -1685432 1685120 3221759 3221752 1685041 3221754 
13 
121	6	83	6	-2	0	10.0	120.0	20.0	5.0	6.971475271726128
3221648 3221601 3219211 1694023 1692272 3221552 3221551 3221710 3221644 1692313 2226074 2225248 2225255 2225979 3219806 2225967 2225934 3221534 3221532 2213262 3221568 -2212424 -3221743 -1686022 -3221749 -3221761 -1685432 1685120 
6507 
122	29	11028	29	-2	0	10.0	120.0	20.0	5.0	19.939910977770218
3219210 3219212 3219211 1694023 1692272 3221554 3221553 1693074 3221557 -1692900 -3221595 -3221713 -1692862 -3221711 -3221643 -3221726 -1690844 -3221722 -1690850 -1690365 -3219814 -1690223 -3221718 -1686091 -3221721 -1686066 -1686032 -1686042 -2212327 -2209911 -2209901 -2211111 -2210784 -2210766 -2210775 2210093 2210126 2210187 3220217 3220385 2215773 3220275 
11763 
123	4128	4990	4128	-2	0	10.0	120.0	20.0	5.0	26.003344422249512
1690850 3221722 1690844 3221726 -3221726 -1690844 -3221722 -1690850 -1690365 -3219814 -1690223 -3221718 -1686091 -3221721 -1686066 -1686032 -1686042 -2212327 -2209911 -2209901 -2211111 -2210784 -2210766 -3214057 -2210030 2209977 2208562 1963631 1962939 
11763 
124	4146	11758	4146	-2	0	10.0	120.0	20.0	5.0	23.453980670072955
-3221631 -3221627 -3221599 -3221559 -1692900 -3221595 -3221713 -1692862 -3221715 -3221624 -3221622 -1687701 -1687663 -3221619 -1686367 -1686299 -1686234 -3221614 3221616 
11761 
125	4141	10721	4141	-2	0	10.0	120.0	20.0	5.0	28.918534335344948
-3221595 -3221713 -1692862 -3221711 -3221643 -3221726 -1690844 -3221722 -1690850 -1690181 -3221706 -3221707 3221708 1682029 
11763 
126	6436	10878	6436	-2	0	10.0	120.0	20.0	5.0	19.34897982690932
3220282 3220283 3220286 3220289 2220105 2213584 3221570 2213542 -2213505 -3221588 -3221589 -2213451 -2213323 -3221587 -2209936 -2209307 2209307 -2209901 -2211111 -2210784 -2210766 -2210775 2210093 2210126 2210187 3220217 
6358 
127	10501	4091	10501	-2	0	10.0	120.0	20.0	5.0	18.741211695263424
3219645 3219647 3221710 3221644 1692313 2226074 2225248 2225255 2225979 3219806 2225967 2225934 3221534 3221532 2213262 3221568 -2212424 -3221743 -1686022 1685453 3221745 
13 
128	3	2051	3	-2	0	10.0	120.0	20.0	5.0	22.099436935889248
3221645 1692313 2226074 2225248 2225255 2225979 3219806 2225967 2225934 3221534 3221532 2213262 3221568 -3221674 -2214226 3221677 2213445 2214094 2214130 2214192 2214217 
13 
129	4100	10814	4100	-2	0	10.0	120.0	20.0	5.0	25.198983062036973
-3221614 -1673462 -3221612 -3220102 -1681461 -1681944 -1681409 -1682068 -3221777 -3221779 -1682081 -1680562 -1680591 -1683584 -1683665 -1683135 -3221580 -3221579 -1684354 -3220654 -1581089 1581149 3220440 1581134 1962834 1963004 2209983 2211057 
4077 
130	89	11678	89	-2	0	10.0	120.0	20.0	5.0	22.004170034527522
3221774 -2215081 -1966299 1965932 3221576 3221669 2210809 2210173 3221666 2210144 2210107 2210775 2210766 2210784 2211111 2209901 -2209307 2209307 2209936 3221587 2213323 2213451 3221589 3221588 2213505 2214154 2214192 2214374 3221687 3221689 3219219 3221692 3221691 3221569 3221544 
6358 
131	3820	4073	3820	-2	0	10.0	120.0	20.0	5.0	19.320362948209436
1581089 3220654 1684354 3221579 1684513 3221586 1684538 2209307 2209911 2212327 1686042 1686032 1686066 3221721 1686091 3221718 1685349 
6358 
132	3819	6497	3819	-2	0	10.0	120.0	20.0	5.0	13.145187988658503
1580892 1580839 -1580854 1683750 3221634 1684513 3221586 1684538 2209307 2209911 2212327 1686042 1686032 1686066 3221721 3221583 3221717 
6358 
133	5012	11703	5012	-2	0	10.0	120.0	20.0	5.0	25.21612398971857
1965762 3221668 2210809 2210173 3221666 2210144 2210087 3220220 2209977 2208562 1963631 1962939 1962820 1581089 3220654 1684354 3221579 1684513 3221586 1684538 2209307 2209936 3221587 2213323 2213451 3221589 3221588 2213505 2214154 2214192 2214374 3221687 3221689 3219219 3221692 3221691 3221569 3221544 3221528 3221527 3221542 3221567 3221548 
4992 
134	11749	39	11749	-2	0	10.0	120.0	20.0	5.0	12.788240004074513
3221604 3221775 3221776 3221780 -3221779 -1682081 -1680562 -1680591 -1683584 -1683665 -1683135 -3221580 1684513 3221586 1684538 2209307 2209936 3221587 2213323 2213451 3221589 3221588 2213505 2214154 2214192 2214374 3221687 3221689 3219219 3221692 
4077 
135	11772	10038	11772	-2	0	10.0	120.0	20.0	5.0	18.657869925098424
3221632 -3221627 -3221599 -3221559 -1692900 -3221595 -3221713 -1692862 -3221711 -3221643 -3221726 -1690844 -3221722 -1690850 -1690365 -3219814 -1690223 -3221718 -1686091 -3221721 -1686066 -1686032 -1686042 -2212327 -2209911 -2209901 -2211111 -2210784 -2210766 -2210775 2210093 2210126 2210187 3220217 3220385 2215103 2215113 2215119 3221773 3221771 3221783 2215745 2215866 3220282 3220283 3220286 3220289 
11763 
136	4991	4070	4991	-2	0	10.0	120.0	20.0	5.0	26.75555981418804
1962956 1962820 1581089 3220654 1684354 3221579 1684513 3221586 1684538 2209307 2209911 2212327 -1686002 1685472 3215090 3221746 -3221749 -3221761 -1685432 1685120 3221759 3221752 1685041 3221754 
6358 
137	4101	6514	4101	-2	0	10.0	120.0	20.0	5.0	23.08573807163441
1686299 1686367 3221619 1687663 1687701 3221622 3221624 3221715 1692862 3221713 3221595 1692978 3221556 3219636 3221648 3221601 3219211 1694023 1692272 3221552 3221551 3221710 3221644 1692313 2226074 2225292 3219214 2226101 1692284 3221550 1692290 3221702 3221701 
11761 
138	4051	4091	4051	-2	0	10.0	120.0	20.0	5.0	21.227284970310823
-3221615 -1673451 1673462 3221614 1686234 1686299 1686367 -1686367 -1686299 -1686247 -1682155 -3221708 -1682415 -1685204 -3221728 -1685264 -3221732 -1685169 
11761 
139	11769	6478	11769	-2	0	10.0	120.0	20.0	5.0	9.357703365711671
3221628 -3221599 -3221559 -1692900 1692978 3221556 3219636 3221648 3221601 3219211 1694023 1692272 3221552 3221551 3221710 3221644 1692313 2226074 2225248 2225255 2225979 3219806 2225967 2225934 3221534 3221532 3221531 3221537 3221539 3221546 2213445 2214094 2213499 2213505 2214210 3221571 2221588 2221610 2221648 2222259 
6507 
140	11715	6405	11715	-2	0	10.0	120.0	20.0	5.0	27.887921621838593
3221566 3221653 2225255 2225979 3219806 2225967 2225934 3221534 3221532 2213262 3221568 -3221674 -2214226 3221677 2213445 2214094 2213499 2213492 2213548 3219648 3220246 3220389 3220248 3221434 3220249 2215119 3221773 3221771 3221783 2215745 2215866 3220282 3220283 3220286 3220289 2220105 2213584 3221570 
13 
141	11709	11750	11709	-2	0	10.0	120.0	20.0	5.0	14.01109486099273
3221557 -1692900 -3221595 -3221713 -1692862 -3221715 -3221624 -3221622 -1687701 -1687663 -3221619 -1686367 -1686299 -1686234 -3221614 -1673462 -3221612 -3220102 -1681461 -3221605 
11761 
142	17	99	17	-2	0	10.0	120.0	20.0	5.0	21.108553238746666
3221663 2210790 2210784 2211111 2209901 -2209307 -1684538 -3221586 -1684513 3221580 1683135 1683665 1683584 1680591 1680562 1682081 3221778 
6358 
143	86	59	86	-2	0	10.0	120.0	20.0	5.0	29.91120826741657
-1685138 1685432 3221761 3221749 -3221746 -3215090 -1685472 1686002 -2212327 -2209911 -2209307 2209307 2209911 2212327 1686042 1686032 1686066 3221721 1686091 3221718 1690223 3219814 1690365 1690850 3221722 1690844 3221726 3221643 3221711 -3221715 
6358 
144	4104	22	4104	-2	0	10.0	120.0	20.0	5.0	5.351577258006714
-3221619 3221619 1687663 1687701 -3221621 -3221726 -1690844 -3221722 -1690850 -1690365 -3219814 -1690223 -3221718 -1686091 -3221721 -1686066 -1686032 -1686042 -2212327 -2209911 -2209901 -2211111 -2210784 -3221672 
11761 
145	10824	4130	10824	-2	0	10.0	120.0	20.0	5.0	19.37455486421654
3220289 2220105 2213584 3221570 2213542 -2213505 -3221588 -3221589 -2213451 -2213323 -3221587 -2209936 -2209307 2209307 2209911 2212327 1686042 1686032 1686066 3221721 1686091 3221718 1690223 3219814 
6358 
146	6373	11680	6373	-2	0	10.0	120.0	20.0	5.0	10.04902631577707
2210173 3221666 2210144 2210107 2210775 2210766 2210784 2211111 2209901 -2209307 2209307 2209936 3221587 2213323 2213451 3221589 3221588 2213505 2214154 2214192 2214374 3221687 3221689 3219219 3221692 3221691 3221569 3221544 3221528 3221527 3221542 3221567 3221548 2225944 3219642 2226020 2225985 2225979 3219806 2225967 2225934 3221534 
6358 
147	10501	4077	10501	-2	0	10.0	120.0	20.0	5.0	21.81324857027674
3219645 3219647 3221710 3221644 1692313 2226074 2225248 2225255 2225979 3219806 2225967 2225934 3221534 3221532 2213262 3221568 -2212424 -3221743 -1686022 -3221746 -3215090 -1685472 -1684594 -3219961 -1684588 1683584 
13 
148	4146	10820	4146	-2	0	10.0	120.0	20.0	5.0	18.11288961294165
-3221631 -3221627 -3221599 -3221559 -1692900 -3221595 -3221713 -1692862 -3221711 -3221643 -3221726 -1690844 -3221722 -1690850 -1690365 -3219814 -1690223 -3221718 -1686091 -3221721 -1686066 -1686032 -1686042 -2212327 -2209911 -2209901 -2211111 -2210784 -2210766 -2210775 2210093 2210126 2210187 3220217 3220385 2215103 2215113 2215119 3221773 3221771 3221783 2215745 2215866 3220282 
11763 
149	6400	10204	6400	-2	0	10.0	120.0	20.0	5.0	8.76691453222323
-3221588 -3221589 -2213451 -2213323 -3221587 -2209936 -2209307 2209307 2209936 3221587 2213323 2213451 3221589 3221588 2213505 2214154 2214192 2214374 3221687 3221689 3219219 3221692 3221691 3221569 3221544 3221528 3221527 3221542 3221567 3221548 2225944 3219642 2226020 2226007 2226013 3219214 2226101 1692284 3221550 3219640 3221553 3219641 3219207 3221684 
6358 
150	36	4142	36	-2	0	10.0	120.0	20.0	5.0	13.785385571477072
3221688 3221687 3221689 3219219 3221692 3221691 3221569 3221544 3221528 -3221526 2213262 3221568 -3221568 -2213262 3221526 3221527 3221542 3221567 3221548 2225944 3219642 2226020 2226007 2226013 3219214 2226101 1692284 3221550 3219640 3221553 1693074 3221557 
13 
151	3818	11625	3818	-2	0	10.0	120.0	20.0	5.0	12.148877084225797
1581037 1580892 1580839 -1580854 1683750 3221634 1684513 3221586 1684538 2209307 -2209901 -2211111 -2210784 -2210766 -2210775 2210093 2210126 2210187 3220217 3220385 2215103 2215113 2215119 3221773 3221771 3221783 2215745 2215866 3220282 3220283 3220286 3220288 2216703 3221432 
6358 
152	11747	8	11747	-2	0	10.0	120.0	20.0	5.0	18.7837190276802
3221602 1683584 1680591 1680584 1685029 3221756 1685055 3221751 1685097 3221740 1685162 3221735 3221729 1686053 3221730 3221720 1686091 3221718 1690223 3219814 1690365 1690850 3221722 1690844 3221726 3221643 3221711 1692862 3221713 3221595 1692978 3221556 3219636 3221648 3221601 3219211 3221650 
4077 
153	29	4994	29	-2	0	10.0	120.0	20.0	5.0	16.408916954095986
3219210 3219212 3219211 1694023 1692272 3221554 3221553 1693074 3221557 -1692900 -3221595 -3221713 -1692862 -3221711 -3221643 -3221726 -1690844 -3221722 -1690850 -1690365 -3219814 -1690223 -3221718 -1686091 -3221721 -1686066 -1686032 -1686042 -2212327 -2209911 -2209307 -1684538 -3221586 -1684513 -3221579 -1684354 -3220654 -1581089 1581149 3220440 1581134 1962834 1963004 
11763 
154	34	82	34	-2	0	10.0	120.0	20.0	5.0	19.259915907641414
3221686 3214227 -3221571 -2214210 -2213505 -3221588 -3221589 -2213451 -2213323 -3221587 -2209936 -2209307 2209307 2209911 2212327 -1686002 1685472 3215090 3221746 -3221749 -3221761 -1685432 1685120 3221759 3221752 -3221756 
6358 
155	6420	95	6420	-2	0	10.0	120.0	20.0	5.0	27.389009520956012
-2215075 -1966299 1965932 3221576 3221669 2210809 2210173 3221666 2210144 2210107 2210775 2210766 2210784 2211111 2209901 -2209307 -1684538 -3221586 -1684513 3221580 1683135 1683665 1683584 1680591 1680562 1682081 3221779 
6358 
156	6363	4100	6363	-2	0	10.0	120.0	20.0	5.0	18.57834598442214
2210030 3214057 2210766 2210784 2211111 2209901 -2209307 -1684538 -3221586 -1684513 3221580 1683135 1683665 1683584 1680591 1680562 1682081 3221779 3221777 1682068 1681409 1681944 1681461 3220102 3221612 1673462 3221614 
6358 
157	4071	51	4071	-2	0	10.0	120.0	20.0	5.0	5.287788158226624
-1682155 -3221708 3221707 -1689923 -3221590 -1685231 -1685349 -3221718 -1686091 3221583 3221717 2225179 3221566 3221653 2225313 2226013 3219214 2226101 1692284 3221550 1692290 3221702 -3221703 
54 
158	10820	5012	10820	-2	0	10.0	120.0	20.0	5.0	10.022166702186038
3220283 3220286 3220289 2220105 2213584 3221570 2213542 -2213505 -3221588 -3221589 -2213451 2213394 2214226 3221674 -3221674 -2214226 -2213394 -2213323 -3221587 -2209936 -2209901 -2211111 -2210784 -2210766 -2210775 2210093 2210126 2210163 -2210809 -3221668 -1965762 
13 
159	5012	10041	5012	-2	0	10.0	120.0	20.0	5.0	28.134179572789535
1965762 3221668 2210809 2210173 3221666 2210144 2210107 2210775 2210766 2210784 2211111 2209901 -2209307 2209307 2209936 3221587 2213323 2213394 3221677 2214166 3218926 
6358 
160	11776	4091	11776	-2	0	10.0	120.0	20.0	5.0	23.3528277683504
3221637 3221578 3221591 3221592 -1580399 -1580833 -1580854 1683750 3221634 1684513 3221586 1684538 2209307 2209911 2212327 -1686002 1685472 3215090 3221746 1685453 3221745 
6358 
161	11723	70	11723	-2	0	10.0	120.0	20.0	5.0	8.669185980775355
3221574 2211002 3221663 2210202 3220216 2210087 3220220 2209977 2208562 1963631 1962939 1962820 1581089 3220654 1684354 3221579 3221580 1683135 1683665 1683584 1680591 1680584 1685029 3221756 1685055 3221751 1685097 3221740 1685162 3221735 3221729 -3221732 
4992 
162	4074	4135	4074	-2	0	10.0	120.0	20.0	5.0	10.613923986866794
1683082 -1683135 -3221580 1684513 3221586 1684538 2209307 2209936 3221587 2213323 2213451 3221589 3221588 2213505 2214154 2214192 2214374 3221687 3221689 3219219 3221692 3221691 3221569 3221544 3221528 3221527 3221542 3221567 3221548 2225944 3219642 2226020 2226007 2226013 3219214 2226101 1692284 3221555 3221551 3221710 3221644 1692313 1692209 
6358 
163	10782	72	10782	-2	0	10.0	120.0	20.0	5.0	11.411964715699872
2216562 2216716 3220287 3221572 2216703 3221432 2214100 2214179 3219219 3221692 3221691 3221569 3221544 3221528 -3221526 2213262 3221568 -2212424 -3221743 -1686022 -3221749 -3221761 -1685432 1685138 3221762 3221738 1685103 
13 
164	6373	13	6373	-2	0	10.0	120.0	20.0	5.0	18.683147278749132
2210173 3221666 2210144 2210107 2210775 2210766 2210784 2211111 2211529 2211780 2213323 2213394 2214226 3221674 
6387 
165	6412	4033	6412	-2	0	10.0	120.0	20.0	5.0	5.400070866462057
-3221571 -2214210 -2213505 -3221588 -3221589 -2213451 -2213323 -3221587 -2209936 2209911 2212327 1686042 -3221743 -1686022 -3221749 -3221761 -1685432 1685120 3221759 3221752 1685041 3221754 -1682091 1682068 1681409 1681944 1681461 3220102 3221612 
75 
166	4065	6449	4065	-2	0	10.0	120.0	20.0	5.0	9.704173520074594
-3221777 -3221779 -1682081 -1680562 -1680591 -1683584 -1683665 -1683135 -3221580 -3221579 -1684354 -3220654 -1581089 1581149 3220440 1581134 1962834 1963004 1963702 2209970 3221665 2210187 3220217 3220385 2215103 2215113 2215119 3221773 3221771 3221783 2215745 2215866 3220282 3221437 2216658 2217178 
4077 
167	4066	38	4066	-2	0	10.0	120.0	20.0	5.0	16.099759824024858
-1682068 -3221777 -3221779 -1682081 -1680562 -1680591 -1683584 -1683665 -1683135 -3221580 1684513 3221586 1684538 2209307 2209936 3221587 2213323 2213451 3221589 3221588 2213505 2214154 2214192 2214374 3221687 -3221690 
4077 
168	11774	4111	11774	-2	0	10.0	120.0	20.0	5.0	26.568872066906316
3221634 1684513 3221586 1684538 2209307 2209911 2212327 1686042 1686032 1686066 3221721 1686091 3221718 1690223 3219814 1690365 1690850 3221722 1690844 3221726 3221643 3221711 
6358 
169	4100	4089	4100	-2	0	10.0	120.0	20.0	5.0	26.733445763562578
1686234 1686299 1686367 -1686367 -1686299 -1686247 -1682155 -1682300 -3221737 -1685103 -3221738 -3221762 -1685138 
11761 
170	6425	6420	6425	-2	0	10.0	120.0	20.0	5.0	9.639675950372602
3221783 2215745 2215866 3220282 3220283 3220286 3220289 2220105 2213584 3221570 2213542 -2213505 -3221588 -3221589 -2213451 -2213323 -2211780 -2211897 2211912 3218921 2211832 3221574 2211002 3221663 2210202 3220216 2210126 2210187 3220217 3220385 2215103 -3221768 -2215081 2215075 
6387 
171	6405	10777	6405	-2	0	10.0	120.0	20.0	5.0	29.569065156044495
2213542 -2213505 -3221588 -3221589 -2213451 -2213323 -3221587 -2209936 -2209307 -1684538 -3221586 -1684513 -3221579 -1684354 -3220654 -1581089 1581149 3220440 1581134 1962834 1963004 1963702 2209970 
6358 
172	3819	11769	3819	-2	0	10.0	120.0	20.0	5.0	7.100734198514109
1580892 1580839 -1580854 1683750 3221634 3221580 1683135 1683665 1684588 3219961 1684594 1685472 3215090 3221746 1686022 3221743 1686032 1686066 3221721 1686091 3221718 1690223 3219814 1690365 1690850 3221722 1690844 3221726 3221643 3221711 1692862 3221713 3221595 1692900 3221559 3221599 -3221628 
10661 
173	6436	4994	6436	-2	0	10.0	120.0	20.0	5.0	10.457080162701006
3220282 3220283 3220286 3220289 2220105 2213584 3221570 2213542 -2213505 -3221588 -3221589 -2213451 -2213323 -2211780 -2211897 2211912 3218921 2211832 3221574 2211002 3221663 2210202 3220216 2210087 3220220 2209977 2208562 1963631 1962939 1962820 1581149 3220440 1581134 1962834 1963004 
6387 
174	11750	44	11750	-2	0	10.0	120.0	20.0	5.0	25.268694040385647
3221605 -1681944 -1681409 -1682068 1682091 -3221754 -1685041 -3221752 -3221759 -1685120 1685432 3221761 3221749 -3221746 -3215090 -1685472 1686002 -2212327 -2209911 2209936 3221587 2213323 2213451 3221589 3221588 2213505 2214154 2214192 2214374 3221687 3221689 3219219 3221692 3221691 3221569 3221545 2214353 -3221696 
4066 
175	4125	11694	4125	-2	0	10.0	120.0	20.0	5.0	23.824681979535455
1689923 -1689923 -3221590 -1685231 -1685349 -3221718 -1686091 -3221721 -1686066 -1686032 -1686042 -2212327 -2209911 -2209901 -2211111 -2210784 -2210766 -2210775 2210093 2210126 2210187 3220217 3220385 2215103 2215113 2215119 3221773 3221771 3221783 2215745 2215866 3220282 3220283 3220286 3220288 2216703 3221432 2214100 3221541 
54 
176	4074	22	4074	-2	0	10.0	120.0	20.0	5.0	12.441262123627652
1683082 -1683135 -3221580 1684513 3221586 1684538 2209307 -2209901 -2211111 -2210784 -3221672 
6358 
177	10719	10814	10719	-2	0	10.0	120.0	20.0	5.0	18.24910951044619
-1681461 -1681944 -1681409 -1682068 -3221777 -3221779 -1682081 -1680562 -1680591 -1683584 -1683665 -1683135 -3221580 -3221579 -1684354 -3220654 -1581089 1581149 3220440 1581134 1962834 1963004 2209983 2211057 
4077 
178	4130	11776	4130	-2	0	10.0	120.0	20.0	5.0	14.74022810911245
-3219814 -1690223 -3221718 -1686091 -3221721 -1686066 -1686032 -1686042 -2212327 -2209911 -2209307 -1684538 -3221586 -1684513 -3221634 -1683750 1580854 1580833 1580399 -3221592 -3221591 -3221578 -3221637 
10589 
179	6425	20	6425	-2	0	10.0	120.0	20.0	5.0	24.87884830771772
3221783 2215745 2215866 3220282 3220283 3220286 3220289 2220105 2213584 3221570 2213542 -2213505 -3221588 -3221589 -2213451 -2213323 -2211780 -2211897 2211912 3218921 2211832 3221574 2211002 3221663 2210202 3220216 2210126 2210163 -2210809 -3221669 
6387 
180	75	6364	75	-2	0	10.0	120.0	20.0	5.0	6.67582836256951
-1686022 -3221746 -3215090 -1685472 -1684594 -3219961 -1684588 1683584 -1683584 -1683665 -1683135 -3221580 -3221579 -1684354 -3220654 -1581089 1581149 3220440 1581134 1962834 1963004 2209983 
4077 
181	26	4104	26	-2	0	10.0	120.0	20.0	5.0	25.279489150969347
2213445 2214094 2213499 -3221588 -3221589 -2213451 -2213323 -3221587 -2209936 -2209307 2209307 2209911 2212327 1686042 1686032 1686066 3221721 1686091 3221718 1690223 3219814 1690365 1690850 3221722 1690844 3221726 3221621 -1687701 -1687663 
6358 
182	4074	4071	4074	-2	0	10.0	120.0	20.0	5.0	20.361655090976555
1683082 -1683135 -3221580 1684513 3221586 1684538 2209307 2209911 2212327 1686042 1686032 1686066 3221721 1686091 3221718 1685349 1682415 3221708 1682155 
6358 
183	6367	82	6367	-2	0	10.0	120.0	20.0	5.0	18.675755879492947
2210809 2210173 3221666 2210144 2210107 2210775 2210766 2210784 2211111 2209901 -2209307 2209307 2209911 2212327 -1686002 1685472 3215090 3221746 -3221749 -3221761 -1685432 1685120 3221759 3221752 -3221756 
6358 
184	85	10209	85	-2	0	10.0	120.0	20.0	5.0	5.323453128777701
3221761 3221749 1686022 3221743 1686032 1686066 3221721 3221583 3221717 2225179 3221566 3221653 2225313 2226013 3219214 2226101 1692284 3221555 3221551 3221710 3221644 1692313 1692209 2225261 3219215 
75 
185	50	6419	50	-2	0	10.0	120.0	20.0	5.0	13.057511480361216
-1692290 3219640 3221553 1693074 3221557 -1692900 -3221595 -3221713 -1692862 -3221711 -3221643 -3221726 -1690844 -3221722 -1690850 -1690365 -3219814 -1690223 -3221718 -1686091 -3221721 -1686066 -1686032 -1686042 -2212327 -2209911 -2209901 -2211111 -2210784 -2210766 -2210775 2210093 2210126 2210187 3220217 3220385 2215103 -3221768 -2215081 
11763 
186	19	54	19	-2	0	10.0	120.0	20.0	5.0	11.440469988920896
3221668 2210809 2210173 3221666 2210144 2210107 2210775 2210766 2210784 2211111 2209901 2209911 2212327 1686042 -3221743 -1686022 1685453 3221745 1685169 3221732 1685264 3221728 1685204 1685231 3221590 1689923 
75 
187	6	11737	6	-2	0	10.0	120.0	20.0	5.0	26.484138706126142
3221648 3221601 3219211 1694023 1692272 3221554 3221553 1693074 3221557 -1692900 -3221595 -3221713 -1692862 -3221711 -3221643 -3221726 -1690844 -3221722 -1690850 -1690365 1690264 -1689974 -3221590 
11763 
188	11742	6436	11742	-2	0	10.0	120.0	20.0	5.0	25.012372072361213
3221597 -3221713 -1692862 -3221711 -3221643 -3221726 -1690844 -3221722 -1690850 -1690365 -3219814 -1690223 -3221718 -1686091 -3221721 -1686066 -1686032 -1686042 -2212327 -2209911 -2209901 -2211111 -2210784 -2210766 -2210775 2210093 2210126 2210187 3220217 3220385 2215103 2215113 2215119 3221773 3221771 3221783 2215745 2215866 
11763 
189	3803	6388	3803	-2	0	10.0	120.0	20.0	5.0	10.010554780658547
3221592 -1580399 -1580833 -1580854 1683750 3221634 1684513 3221586 1684538 2209307 -2209901 2211529 -2211897 2211912 3218921 
6358 
190	6434	10503	6434	-2	0	10.0	120.0	20.0	5.0	24.40641092118981
2215866 3220282 3220283 3220286 3220289 2220105 2213584 3221570 2213542 -2213505 -3221588 -3221589 -2213451 -2213323 -2211780 2211780 2213323 2213451 3221589 3221588 2213505 2214154 2214192 2214374 3221687 3221689 3219219 3221692 3221691 3221569 3221544 3221528 3221527 3221542 3221567 3221548 2225944 3219642 2226020 2226007 2226013 3219214 2226101 1692284 3221550 3219640 3221553 
6387 
191	6425	11	6425	-2	0	10.0	120.0	20.0	5.0	17.902215636327128
3221783 2215745 2215866 3220282 3220283 3220286 3220289 2220105 2213584 3221570 2213542 -2213505 -3221588 -3221589 -2213451 -2213323 -2211780 2211780 2213323 2213451 3221589 3221588 2213505 2214154 2214192 2214374 3221687 3221689 3219219 3221692 3221691 3221569 3221544 3221528 3221527 3221542 3221567 3221548 2225944 3219642 2226020 2226007 2228275 
6387 
192	11763	6508	11763	-2	0	10.0	120.0	20.0	5.0	12.918961203996547
3221643 3221711 1692862 3221713 3221595 1692978 3221556 3219636 3221648 3221601 3219211 1694023 1692272 3221552 3221551 3221710 3221644 1692313 2226074 2225248 2225255 2225979 3219806 2225967 2225934 3221534 3221530 3221542 3221567 3221548 2225944 3219642 2226020 
11763 
193	21	11770	21	-2	0	10.0	120.0	20.0	5.0	20.073428970274353
3221671 2210809 2210173 3221666 2210144 2210107 2210775 2210766 2210784 2211111 2209901 -2209307 2209307 2209911 2212327 1686042 1686032 1686066 3221721 1686091 3221718 1690223 3219814 1690365 1690850 3221722 1690844 3221726 3221643 3221711 1692862 3221713 3221595 1692900 3221559 3221599 -3221629 
6358 
194	6499	11751	6499	-2	0	10.0	120.0	20.0	5.0	25.634654295734784
2225255 2225979 3219806 2225967 2225934 3221534 3221532 2213262 3221568 -2212424 -3221743 -1686022 -3221746 -3215090 -1685472 -1684594 -3221606 
13 
195	6437	6508	6437	-2	0	10.0	120.0	20.0	5.0	28.346490775735912
2215884 3220282 3220283 3220286 3220289 2220105 2213584 3221570 2213542 -2213505 -3221588 -3221589 -2213451 2213394 2214226 3221674 -3221568 -2213262 3221526 3221527 3221542 3221567 3221548 2225944 3219642 2226020 
13 
196	6404	4058	6404	-2	0	10.0	120.0	20.0	5.0	19.080274968701378
-2213505 -3221588 -3221589 -2213451 -2213323 -3221587 -2209936 -2209307 -1684538 -3221586 -1684513 3221580 1683135 1683665 1683584 1680591 -1680443 
6358 
197	10507	6436	10507	-2	0	10.0	120.0	20.0	5.0	5.403192125889213
3221710 3221644 1692313 2226074 2225248 2225255 2225979 3219806 2225967 2225934 3221534 3221532 3221531 3221537 3221539 3221546 2213445 2214094 2213499 2213492 2213548 3219648 3220246 3220389 3220248 3221434 3220249 2215119 3221773 3221771 3221783 2215745 2215866 
6507 
198	6502	6418	6502	-2	0	10.0	120.0	20.0	5.0	15.776267945256535
-2225313 2225255 2225979 3219806 2225967 2225934 3221534 3221532 2213262 3221568 -3221568 -2213262 3221526 3221527 3221542 3221567 3221548 2225944 3221698 3221697 3221700 -2215011 
13 
199	4101	6391	4101	-2	0	10.0	120.0	20.0	5.0	6.901312164327456
-1686247 -1682155 -3221708 3221707 -1689923 -3221590 -1685231 -1685349 -3221718 -1686091 -3221721 -1686066 -1686032 -1686042 -2212327 -2209911 -2209901 2211529 -2211897 
54 